1.0000000000e-03 -0.000780% 3.2462719598e-02 6.4924932617e-02 -5.0657997573e-07 6.3906380510e-03 -0.003076% 2.2629787711e-01 4.5258183058e-01 -1.3923642373e-05 2.4375174970e-02 0.018279% 5.5821169036e-01 1.1166274853e+00 2.0410457913e-04 8.4197968209e-01 7.7667601879e-01 7.7666458509e-01 6.7228229275e-01 6.7226130101e-01 6.7219850391e-01 4.9504483032e-01 4.9509851625e-01 4.9525930261e-01 4.9552637915e-01 1533 4 126
1.0964781961e-03 -0.000837% 3.5601366581e-02 7.1202136950e-02 -5.9621254283e-07 7.0118518207e-03 -0.003257% 2.4809454403e-01 4.9617292559e-01 -1.6162475534e-05 2.6717611448e-02 0.019536% 6.1156595131e-01 1.2233709056e+00 2.3900295900e-04 8.4194825349e-01 7.7666117139e-01 7.7664890723e-01 6.7222491411e-01 6.7220272699e-01 6.7213636679e-01 4.9508458806e-01 4.9514179665e-01 4.9531311471e-01 4.9559762410e-01 963 2 82
1.2022644346e-03 -0.000898% 3.9043954946e-02 7.8087208461e-02 -7.0143144136e-07 7.6938283912e-03 -0.003445% 2.7198554787e-01 5.4395235512e-01 -1.8740618069e-05 2.9284332294e-02 0.020871% 6.6996265916e-01 1.3402050390e+00 2.7972071119e-04 8.4191444961e-01 7.7664514527e-01 7.7663199624e-01 6.7216313622e-01 6.7213971505e-01 6.7206967824e-01 4.9512766433e-01 4.9518858230e-01 4.9537098796e-01 4.9567384249e-01 1452 3 123
1.3182567386e-03 -0.000963% 4.2819988063e-02 8.5639151241e-02 -8.2488588825e-07 8.4425732956e-03 -0.003640% 2.9817093573e-01 5.9632016725e-01 -2.1704208755e-05 3.2096664458e-02 0.022287% 7.3386637812e-01 1.4680599494e+00 3.2719311168e-04 8.4187811175e-01 7.7662785283e-01 7.7661376172e-01 6.7209665955e-01 6.7207196911e-01 6.7199815274e-01 4.9517431571e-01 4.9523913334e-01 4.9543319272e-01 4.9575532046e-01 1211 3 114
1.4454397707e-03 -0.001032% 4.6961846905e-02 9.3922724145e-02 -9.6966594461e-07 9.2646977459e-03 -0.003840% 3.2686961524e-01 6.5371412490e-01 -2.5105567387e-05 3.5177934106e-02 0.023789% 8.0378207747e-01 1.6079466639e+00 3.8250893809e-04 8.4183906306e-01 7.7660919812e-01 7.7659410477e-01 6.7202515063e-01 6.7199915875e-01 6.7192146931e-01 4.9522482539e-01 4.9529373761e-01 4.9550003039e-01 4.9584238057e-01 1171 3 111
1.5848931925e-03 -0.001106% 5.1505063399e-02 1.0300898743e-01 -1.1393654269e-06 1.0167477302e-02 -0.004047% 3.5832102834e-01 7.1661305506e-01 -2.9001621298e-05 3.8553653185e-02 0.025379% 8.8025795150e-01 1.7609628180e+00 4.4691497346e-04 8.4179712436e-01 7.7658908029e-01 7.7657292167e-01 6.7194827052e-01 6.7192095005e-01 6.7183930919e-01 4.9527949004e-01 4.9535269397e-01 4.9557180593e-01 4.9593533659e-01 1262 3 117
1.7378008287e-03 -0.001184% 5.6488633878e-02 1.1297592959e-01 -1.3381668939e-06 1.1158923127e-02 -0.004259% 3.9278703347e-01 7.8554061132e-01 -3.3455619848e-05 4.2251716235e-02 0.027063% 9.6388861839e-01 1.9282990898e+00 5.2185301869e-04 8.4175210300e-01 7.7656739086e-01 7.7655010095e-01 6.7186565498e-01 6.7183698408e-01 6.7175132953e-01 4.9533862914e-01 4.9541632409e-01 4.9564884718e-01 4.9603452519e-01 1207 3 116
1.9054607180e-03 -0.001268% 6.1955354730e-02 1.2390913853e-01 -1.5709303741e-06 1.2247856867e-02 -0.004475% 4.3055389641e-01 8.6106925620e-01 -3.8536613842e-05 4.6302617782e-02 0.028845% 1.0553182375e+00 2.1112454562e+00 6.0898110164e-04 8.4170379750e-01 7.7654401434e-01 7.7652552418e-01 6.7177692283e-01 6.7174688609e-01 6.7165717512e-01 4.9540258200e-01 4.9548496822e-01 4.9573149670e-01 4.9614029135e-01 1305 3 117
2.0892961309e-03 -0.001356% 6.7952193649e-02 1.3590254400e-01 -1.8432981716e-06 1.3443994900e-02 -0.004696% 4.7193445358e-01 9.4382458763e-01 -4.4319526533e-05 5.0739687139e-02 0.030729% 1.1552437375e+00 2.3111976796e+00 7.1020462737e-04 8.4165199671e-01 7.7651882773e-01 7.7649906544e-01 6.7168167434e-01 6.7165026396e-01 6.7155647667e-01 4.9547170931e-01 4.9555898667e-01 4.9582011330e-01 4.9625298992e-01 1277 3 114
2.2908676528e-03 -0.001450% 7.4530696460e-02 1.4905923111e-01 -2.1618143644e-06 1.4758041354e-02 -0.004919% 5.1727043864e-01 1.0344899923e+00 -5.0884958120e-05 5.5599343383e-02 0.032720% 1.2644180458e+00 2.5296638023e+00 8.2771062979e-04 8.4159647963e-01 7.7649170012e-01 7.7647059096e-01 6.7157949121e-01 6.7154670814e-01 6.7144885106e-01 4.9554639371e-01 4.9563876031e-01 4.9591507209e-01 4.9637298511e-01 1157 3 111
2.5118864315e-03 -0.001550% 8.1747433581e-02 1.6349233311e-01 -2.5340514658e-06 1.6201791109e-02 -0.005144% 5.6693498290e-01 1.1338116469e+00 -5.8318858028e-05 6.0921372221e-02 0.034823% 1.3836532803e+00 2.7682705664e+00 9.6400578796e-04 8.4153701562e-01 7.7646249267e-01 7.7643995920e-01 6.7146993685e-01 6.7143579203e-01 6.7133390161e-01 4.9562704029e-01 4.9572469085e-01 4.9601676428e-01 4.9650064932e-01 1074 3 105
2.7542287033e-03 -0.001656% 8.9664486325e-02 1.7932600384e-01 -2.9688103417e-06 1.7788242639e-02 -0.005369% 6.2133527402e-01 1.2426038372e+00 -6.6710837623e-05 6.6749224543e-02 0.037043% 1.5138237808e+00 3.0287695201e+00 1.1219584686e-03 8.4147336461e-01 7.7643105653e-01 7.7640701844e-01 6.7135255745e-01 6.7131707352e-01 6.7121122140e-01 4.9571407678e-01 4.9581720086e-01 4.9612559650e-01 4.9663636160e-01 1079 3 102
3.0199517204e-03 -0.001767% 9.8349987538e-02 1.9669649887e-01 -3.4762019224e-06 1.9531725605e-02 -0.005592% 6.8091543887e-01 1.3617547232e+00 -7.6154528239e-05 7.3130343603e-02 0.039385% 1.6558690600e+00 3.3130429657e+00 1.3048456378e-03 8.4140527741e-01 7.7639723604e-01 7.7637161082e-01 6.7122688187e-01 6.7119009411e-01 6.7108038960e-01 4.9580795396e-01 4.9591673390e-01 4.9624199052e-01 4.9678050639e-01 1007 3 96
3.3113112148e-03 -0.001885% 1.0787870249e-01 2.1575333703e-01 -4.0679398293e-06 2.1448037856e-02 -0.005813% 7.4615954292e-01 1.4922323418e+00 -8.6744014185e-05 8.0116514266e-02 0.041854% 1.8107962860e+00 3.6231089760e+00 1.5164040638e-03 8.4133249652e-01 7.7636086490e-01 7.7633356774e-01 6.7109242458e-01 6.7105438275e-01 6.7094097849e-01 4.9590914460e-01 4.9602375341e-01 4.9636638142e-01 4.9693347089e-01 1090 3 102
3.6307805477e-03 -0.002010% 1.1833267409e-01 2.3666059067e-01 -4.7575133537e-06 2.3554600469e-02 -0.006029% 8.1759481726e-01 1.6350910625e+00 -9.8571980251e-05 8.7764243900e-02 0.044454% 1.9796824825e+00 3.9611258510e+00 1.7608859134e-03 8.4125475608e-01 7.7632176752e-01 7.7629271172e-01 6.7094868511e-01 6.7090945494e-01 6.7079255121e-01 4.9601814463e-01 4.9613874348e-01 4.9649921779e-01 4.9709564420e-01 1154 3 105
3.9810717055e-03 -0.002142% 1.2980192328e-01 2.5959828611e-01 -5.5604485170e-06 2.5870626818e-02 -0.006237% 8.9579502550e-01 1.7914783250e+00 -1.1172598363e-04 9.6135173658e-02 0.047192% 2.1636760585e+00 4.3293952363e+00 2.0431192032e-03 8.4117178350e-01 7.7627975864e-01 7.7624885592e-01 6.7079515193e-01 6.7075481675e-01 6.7063466609e-01 4.9613547079e-01 4.9626220648e-01 4.9664095880e-01 4.9726741354e-01 1032 3 96
4.3651583224e-03 -0.002281% 1.4238521642e-01 2.8476393827e-01 -6.4945728081e-06 2.8417310209e-02 -0.006434% 9.8138399513e-01 1.9626417066e+00 -1.2628367588e-04 1.0529652232e-01 0.050072% 2.3639976148e+00 4.7303638014e+00 2.3685719071e-03 8.4108330008e-01 7.7623464299e-01 7.7620180403e-01 6.7063130428e-01 6.7058996657e-01 6.7046687848e-01 4.9626166014e-01 4.9639466225e-01 4.9679207284e-01 4.9744916209e-01 1080 3 99
4.7863009232e-03 -0.002427% 1.5619090216e-01 3.1237422396e-01 -7.5803489068e-06 3.1218030490e-02 -0.006619% 1.0750392751e+00 2.1499362436e+00 -1.4230655242e-04 1.1532156531e-01 0.053099% 2.5819397538e+00 5.1666229266e+00 2.7434189126e-03 8.4098902258e-01 7.7618621520e-01 7.7615135010e-01 6.7045661536e-01 6.7041439835e-01 6.7028874384e-01 4.9639726833e-01 4.9653664625e-01 4.9695303509e-01 4.9764126563e-01 1001 3 96
5.2480746025e-03 -0.002580% 1.7133782480e-01 3.4266680841e-01 -8.8411877790e-06 3.4298582024e-02 -0.006787% 1.1774959000e+00 2.3548319680e+00 -1.5983200427e-04 1.2629015222e-01 0.056278% 2.8188656763e+00 5.6409059640e+00 3.1746114654e-03 8.4088866458e-01 7.7613425975e-01 7.7609727870e-01 6.7027055612e-01 6.7022760530e-01 6.7009982127e-01 4.9654286732e-01 4.9668870709e-01 4.9712432464e-01 4.9784408912e-01 993 3 96
5.7543993734e-03 -0.002741% 1.8795631850e-01 3.7590233316e-01 -1.0303834527e-05 3.7687424482e-02 -0.006936% 1.2895502098e+00 2.5789215566e+00 -1.7886311667e-04 1.3828926440e-01 0.059615% 3.0762062478e+00 6.1560824413e+00 3.6699457358e-03 8.4078193851e-01 7.7607855097e-01 7.7603936503e-01 6.7007259983e-01 6.7002908435e-01 6.6989967764e-01 4.9669904251e-01 4.9685140353e-01 4.9730642105e-01 4.9805798251e-01 966 3 93
6.3095734448e-03 -0.002910% 2.0618928949e-01 4.1236658022e-01 -1.1998766765e-05 4.1415959013e-02 -0.007060% 1.4120636777e+00 2.8239279994e+00 -1.9935608034e-04 1.5141361641e-01 0.063113% 3.3554552372e+00 6.7151486042e+00 4.2381298473e-03 8.4066855775e-01 7.7601885327e-01 7.7597737518e-01 6.6986222703e-01 6.6981834095e-01 6.6968789182e-01 4.9686638933e-01 4.9702530096e-01 4.9749980060e-01 4.9828327680e-01 921 3 90
6.9183097092e-03 -0.003086% 2.2619338969e-01 4.5237281875e-01 -1.3960636161e-05 4.5518830798e-02 -0.007155% 1.5459666613e+00 3.0917121186e+00 -2.2120395680e-04 1.6576630434e-01 0.066776% 3.6581623077e+00 7.3212134567e+00 4.8888412908e-03 8.4054823949e-01 7.7595492135e-01 7.7591106656e-01 6.6963893221e-01 6.6959489557e-01 6.6946406085e-01 4.9704550861e-01 4.9721096669e-01 4.9770493120e-01 4.9852027830e-01 963 3 90
7.5857757503e-03 -0.003270% 2.4814029269e-01 4.9626435666e-01 -1.6228725389e-05 5.0034262441e-02 -0.007216% 1.6922620121e+00 3.3842798063e+00 -2.4421783892e-04 1.8145950399e-01 0.070609% 3.9859234492e+00 7.9774796789e+00 5.6327804466e-03 8.4042070694e-01 7.7588650061e-01 7.7584018842e-01 6.6940222936e-01 6.6935828889e-01 6.6922780376e-01 4.9723700204e-01 4.9740896549e-01 4.9792226843e-01 4.9876926553e-01 993 3 93
8.3176377110e-03 -0.003462% 2.7221806963e-01 5.4441729183e-01 -1.8847436631e-05 5.5004416771e-02 -0.007239% 1.8520283875e+00 3.7037886727e+00 -2.6810226868e-04 1.9861522472e-01 0.074612% 4.3403682492e+00 8.6872181935e+00 6.4816951815e-03 8.4028569341e-01 7.7581332790e-01 7.7576448272e-01 6.6915166111e-01 6.6910809069e-01 6.6897877001e-01 4.9744146556e-01 4.9761985287e-01 4.9815224836e-01 4.9903048135e-01 875 3 84
9.1201083936e-03 -0.003661% 2.9863267810e-01 5.9724348940e-01 -2.1866794836e-05 6.0475794761e-02 -0.007216% 2.0264231626e+00 4.0525538983e+00 -2.9242688227e-04 2.1736612151e-01 0.078788% 4.7231436722e+00 9.4537357355e+00 7.4483910506e-03 8.4014294564e-01 7.7573513220e-01 7.7568368503e-01 6.6888680677e-01 6.6884390740e-01 6.6871664542e-01 4.9765948236e-01 4.9784416840e-01 4.9839528170e-01 4.9930412857e-01 878 3 81
1.0000000000e-02 -0.003868% 3.2760956454e-01 6.5519378614e-01 -2.5342952002e-05 6.6499668856e-02 -0.007142% 2.2166847476e+00 4.4330529038e+00 -3.1659139277e-04 2.3785637146e-01 0.083136% 5.1358937706e+00 1.0280334238e+01 8.5466966939e-03 8.3999222791e-01 7.7565163580e-01 7.7559752579e-01 6.6860729176e-01 6.6856539110e-01 6.6844115995e-01 4.9789161526e-01 4.9808242812e-01 4.9865174657e-01 4.9959036311e-01 795 3 78
1.0964781961e-02 -0.004082% 3.5939542521e-01 7.1876151176e-01 -2.9338663328e-05 7.3132574114e-02 -0.007009% 2.4241342844e+00 4.8479287789e+00 -3.3978979780e-04 2.6024259542e-01 0.087656% 5.5802357051e+00 1.1170262849e+01 9.7914389993e-03 8.3983331645e-01 7.7556255276e-01 7.7550572904e-01 6.6831277870e-01 6.6827222938e-01 6.6815207396e-01 4.9813841084e-01 4.9833513007e-01 4.9892199803e-01 4.9988931014e-01 931 4 92
1.2022644346e-02 -0.004302% 3.9425990371e-01 7.8848588359e-01 -3.3923818633e-05 8.0436746644e-02 -0.006810% 2.6501754724e+00 5.2999900024e+00 -3.6094245964e-04 2.8469497514e-01 0.092343% 6.0577266673e+00 1.2126651448e+01 1.1198112958e-02 8.3966604226e-01 7.7546760115e-01 7.7540802465e-01 6.6800305165e-01 6.6796423128e-01 6.6784926921e-01 4.9840033892e-01 4.9860269038e-01 4.9920629402e-01 5.0020097347e-01 950 4 100
1.3182567386e-02 -0.004529% 4.3249775435e-01 8.6495633294e-01 -3.9175758568e-05 8.8480775072e-02 -0.006538% 2.8962945879e+00 5.7922105097e+00 -3.7866613833e-04 3.1139823642e-01 0.097190% 6.5698328236e+00 1.3152448569e+01 1.2782921437e-02 8.3949024306e-01 7.7536648996e-01 7.7530413556e-01 6.6767792564e-01 6.6764123282e-01 6.6753264247e-01 4.9867785218e-01 4.9888550873e-01 4.9950487829e-01 5.0052534672e-01 992 4 104
1.4454397707e-02 -0.004762% 4.7443080920e-01 9.4881643875e-01 -4.5179638264e-05 9.7340134595e-02 -0.006182% 3.1640573947e+00 6.3277235977e+00 -3.9119175498e-04 3.4055293566e-01 0.102189% 7.1178853585e+00 1.4250333008e+01 1.4562291468e-02 8.3930580283e-01 7.7525893122e-01 7.7519379000e-01 6.6733732427e-01 6.6730317592e-01 6.6720218868e-01 4.9897132927e-01 4.9918390861e-01 4.9981791207e-01 5.0086233091e-01 938 4 101
1.5848931925e-02 -0.004999% 5.2041022062e-01 1.0407684126e+00 -5.2028645279e-05 1.0709784262e-01 -0.005735% 3.4551046795e+00 6.9098130633e+00 -3.9629561570e-04 3.7237675268e-01 0.107326% 7.7030338266e+00 1.5422620146e+01 1.6552493055e-02 8.3911264890e-01 7.7514464019e-01 7.7507672167e-01 6.6698127608e-01 6.6695010341e-01 6.6685799158e-01 4.9928107287e-01 4.9949813721e-01 5.0014547917e-01 5.0121174793e-01 962 4 92
1.7378008287e-02 -0.005240% 5.7081878727e-01 1.1415777508e+00 -5.9823753967e-05 1.1784514143e-01 -0.005187% 3.7711451419e+00 7.5418990693e+00 -3.9121451531e-04 4.0710593127e-01 0.112584% 8.3261925942e+00 1.6671154232e+01 1.8769043966e-02 8.3891075889e-01 7.7502333872e-01 7.7495267356e-01 6.6660993006e-01 6.6658217380e-01 6.6650023680e-01 4.9960729529e-01 4.9982835137e-01 5.0048757328e-01 5.0157332971e-01 894 4 88
1.9054607180e-02 -0.005485% 6.2607342134e-01 1.2520781693e+00 -6.8673378113e-05 1.2968223928e-01 -0.004528% 4.1139454427e+00 8.2275183161e+00 -3.7256926975e-04 4.4499686341e-01 0.117941% 8.9879817611e+00 1.7997189541e+01 2.1226019116e-02 8.3870016711e-01 7.7489476161e-01 7.7482140435e-01 6.6622356751e-01 6.6619967146e-01 6.6612921681e-01 4.9995010367e-01 5.0017460422e-01 5.0084408843e-01 5.0194671478e-01 732 4 76
2.0892961309e-02 -0.005731% 6.8662755188e-01 1.3731764089e+00 -7.8694901773e-05 1.4271903645e-01 -0.003748% 4.4853159338e+00 8.9702956593e+00 -3.3620815836e-04 4.8632775505e-01 0.123369% 9.6886608769e+00 1.9401256866e+01 2.3935112394e-02 8.3848096998e-01 7.7475864730e-01 7.7468267688e-01 6.6582261769e-01 6.6580302510e-01 6.6574535792e-01 5.0030948595e-01 5.0053683177e-01 5.0121480769e-01 5.0233144017e-01 797 4 84
2.2908676528e-02 -0.005977% 7.5297404781e-01 1.5058580869e+00 -9.0008688796e-05 1.5707605304e-01 -0.002836% 4.8870944880e+00 9.7739117533e+00 -2.7722262324e-04 5.3140067768e-01 0.128835% 1.0428063069e+01 2.0883030767e+01 2.6904628357e-02 8.3825333246e-01 7.7461476920e-01 7.7453629476e-01 6.6540766403e-01 6.6539280618e-01 6.6534919573e-01 5.0068529711e-01 5.0091484046e-01 5.0159939411e-01 5.0272693736e-01 775 4 84
2.5118864315e-02 -0.006222% 8.2564763143e-01 1.6511925213e+00 -1.0274157691e-04 1.7288519249e-01 -0.001783% 5.3211228073e+00 1.0642055881e+01 -1.8973313800e-04 5.8054355577e-01 0.134299% 1.1205519718e+01 2.2441177640e+01 3.0138204311e-02 8.3801749396e-01 7.7446291420e-01 7.7438207525e-01 6.6497946185e-01 6.6496975290e-01 6.6494141781e-01 5.0107724307e-01 5.0130829213e-01 5.0199737908e-01 5.0313252629e-01 844 4 88
2.7542287033e-02 -0.006464% 9.0522778679e-01 1.8103385515e+00 -1.1702203782e-04 1.9029071094e-01 -0.000577% 5.7892197754e+00 1.1578372696e+01 -6.6854399252e-05 6.3411259968e-01 0.139713% 1.2019789299e+01 2.4073212061e+01 3.3633462980e-02 8.3777377329e-01 7.7430290137e-01 7.7421987055e-01 6.6453894395e-01 6.6453477187e-01 6.6452285358e-01 5.0148486837e-01 5.0171669291e-01 5.0240815473e-01 5.0354741287e-01 754 4 84
3.0199517204e-02 -0.006701% 9.9234152013e-01 1.9845500628e+00 -1.3297749446e-04 2.0945016879e-01 0.000790% 6.2931482545e+00 1.2586395903e+01 9.9393830425e-05 6.9249493873e-01 0.145024% 1.2868986123e+01 2.5775352756e+01 3.7380509573e-02 8.3752257344e-01 7.7413458546e-01 7.7404957053e-01 6.6408722896e-01 6.6408894680e-01 6.6409448417e-01 5.0190754378e-01 5.0213938189e-01 5.0283096548e-01 5.0397068531e-01 758 4 80
3.3113112148e-02 -0.006930% 1.0876661648e+00 2.1751815994e+00 -1.5073019658e-04 2.3053544771e-01 0.002327% 6.8345759689e+00 1.3669470074e+01 3.1813649669e-04 7.5611158253e-01 0.150170% 1.3750515054e+01 2.7542390547e+01 4.1360439388e-02 8.3726438428e-01 7.7395786300e-01 7.7387110843e-01 6.6362562386e-01 6.6363354084e-01 6.6365744428e-01 5.0234445701e-01 5.0257552303e-01 5.0326490373e-01 5.0440131562e-01 696 4 76
3.6307805477e-02 -0.007148% 1.1919321370e+00 2.3836938822e+00 -1.7039174155e-04 2.5373380947e-01 0.004043% 7.4150299100e+00 1.4830659476e+01 5.9965561781e-04 8.2542076028e-01 0.155082% 1.4661015508e+01 2.9367574874e+01 4.5543859245e-02 8.3699978560e-01 7.7377267886e-01 7.7368446701e-01 6.6315562659e-01 6.6316999938e-01 6.6321302539e-01 5.0279460407e-01 5.0302409745e-01 5.0370890465e-01 5.0483815856e-01 581 4 64
3.9810717055e-02 -0.007354% 1.3059256478e+00 2.6116592393e+00 -1.9205618881e-04 2.7924902132e-01 0.005944% 8.0358442813e+00 1.6072643908e+01 9.5534559063e-04 9.0092167779e-01 0.159685% 1.5596320383e+01 3.1242530391e+01 4.9889625210e-02 8.3672944740e-01 7.7357903297e-01 7.7348968470e-01 6.6267892181e-01 6.6269994615e-01 6.6276267294e-01 5.0325678538e-01 5.0348390045e-01 5.0416174599e-01 5.0527995599e-01 628 4 68
4.3651583224e-02 -0.007543% 1.4304913009e+00 2.8607668103e+00 -2.1579145038e-04 3.0730254137e-01 0.008033% 8.6981019930e+00 1.7397601583e+01 1.3975971383e-03 9.8315875893e-01 0.163898% 1.6551434957e+01 3.3157213824e+01 5.4343909861e-02 8.3645412891e-01 7.7337698681e-01 7.7328686141e-01 6.6219737348e-01 6.6222517658e-01 6.6230798185e-01 5.0372960480e-01 5.0395354117e-01 5.0462204983e-01 5.0572534216e-01 534 4 60
4.7863009232e-02 -0.007713% 1.5665351526e+00 3.1328286775e+00 -2.4162757849e-04 3.3813509261e-01 0.010313% 9.4025715403e+00 1.8807082602e+01 1.9395210126e-03 1.0727260390e+00 0.167637% 1.7520553481e+01 3.5099947299e+01 5.8840337392e-02 8.3617464313e-01 7.7316666198e-01 7.7307615683e-01 6.6171294748e-01 6.6174758013e-01 6.6185061783e-01 5.0421152226e-01 5.0443149749e-01 5.0508834408e-01 5.0617291621e-01 683 5 80
5.2480746025e-02 -0.007859% 1.7150247759e+00 3.4297800045e+00 -2.6954737845e-04 3.7200689887e-01 0.012781% 1.0149632242e+01 2.0301859340e+01 2.5948566342e-03 1.1702740118e+00 0.170811% 1.8497054057e+01 3.7057406388e+01 6.3298273655e-02 8.3589197395e-01 7.7294827612e-01 7.7285782395e-01 6.6122793787e-01 6.6126937250e-01 6.6139256717e-01 5.0470067693e-01 5.0491593285e-01 5.0555886062e-01 5.0662101048e-01 747 5 80
5.7543993734e-02 -0.007978% 1.8769943069e+00 3.7536891479e+00 -2.9946584542e-04 4.0920071250e-01 0.015434% 1.0939207845e+01 2.1881792882e+01 3.3771925645e-03 1.2765137237e+00 0.173336% 1.9473632407e+01 3.9014891632e+01 6.7626817563e-02 8.3560709499e-01 7.7272210539e-01 7.7263217284e-01 6.6074459774e-01 6.6079272140e-01 6.6093574729e-01 5.0519516257e-01 5.0540498096e-01 5.0603184806e-01 5.0706804911e-01 713 5 75
6.3095734448e-02 -0.008065% 2.0535442729e+00 4.1067573309e+00 -3.3121493058e-04 4.5002247993e-01 0.018261% 1.1770686177e+01 2.3545671926e+01 4.2995725946e-03 1.3922248636e+00 0.175126% 2.0442383051e+01 4.0956491380e+01 7.1725277317e-02 8.3532106929e-01 7.7248851615e-01 7.7239959991e-01 6.6026532886e-01 6.6031994233e-01 6.6048222055e-01 5.0569288088e-01 5.0589659283e-01 5.0650540010e-01 5.0751234669e-01 675 5 75
6.9183097092e-02 -0.008116% 2.2458433507e+00 4.4913221810e+00 -3.6452046339e-04 4.9480337284e-01 0.021247% 1.2642844451e+01 2.5291062583e+01 5.3736810182e-03 1.5182631514e+00 0.176102% 2.1394971257e+01 4.2865429446e+01 7.5486932665e-02 8.3503501046e-01 7.7224796135e-01 7.7216058389e-01 6.5979259603e-01 6.5985341374e-01 6.6003411158e-01 5.0619160539e-01 5.0638860143e-01 5.0697752266e-01 5.0795218009e-01 579 5 70
7.5857757503e-02 -0.008126% 2.4551292501e+00 4.9098595232e+00 -3.9897704514e-04 5.4390183807e-01 0.024375% 1.3553776428e+01 2.7114161802e+01 6.6089463978e-03 1.6555689245e+00 0.176198% 2.2322843042e+01 4.4724489576e+01 7.8803492843e-02 8.3475006745e-01 7.7200098253e-01 7.7191568671e-01 6.5932888731e-01 6.5939553949e-01 6.5959357614e-01 5.0668901173e-01 5.0687875103e-01 5.0744616063e-01 5.0838581149e-01 620 5 70
8.3176377110e-02 -0.008090% 2.6827090449e+00 5.3649840709e+00 -4.3401876619e-04 5.9770593868e-01 0.027617% 1.4500825799e+01 2.9009663102e+01 8.0115031358e-03 1.8051766879e+00 0.175358% 2.3217478971e+01 4.6516528473e+01 8.1570531564e-02 8.3446740682e-01 7.7174820991e-01 7.7166555279e-01 6.5887667018e-01 6.5894870706e-01 6.5916276556e-01 5.0718271330e-01 5.0736473161e-01 5.0790922875e-01 5.0881151412e-01 584 5 70
9.1201083936e-02 -0.008002% 2.9299588495e+00 5.8594488131e+00 -4.6888585838e-04 6.5663606003e-01 0.030942% 1.5480529681e+01 3.0970642426e+01 9.5830632673e-03 1.9682256902e+00 0.173548% 2.4070684984e+01 4.8225063575e+01 8.3693608143e-02 8.3418819273e-01 7.7149036067e-01 7.7141090651e-01 6.5843834362e-01 6.5851524184e-01 6.5874378719e-01 5.0767030209e-01 5.0784421809e-01 5.0836464646e-01 5.0922760036e-01 506 5 60
1.0000000000e-01 -0.007858% 3.1983226885e+00 6.3961427894e+00 -5.0258746163e-04 7.2114805584e-01 0.034314% 1.6488576460e+01 3.2988472666e+01 1.1319746839e-02 2.1459715699e+00 0.170753% 2.4874908483e+01 4.9834911604e+01 8.5094637685e-02 8.3391356527e-01 7.7122823500e-01 7.7115254752e-01 6.5801618782e-01 6.5809735874e-01 6.5833866189e-01 5.0814939356e-01 5.0831491355e-01 5.0881037585e-01 5.0963245162e-01 559 5 65
1.0964781961e-01 -0.007651% 3.4893104306e+00 6.9780870011e+00 -5.3386007736e-04 7.9173694170e-01 0.037689% 1.7519782662e+01 3.5052776277e+01 1.3210953854e-02 2.3397991382e+00 0.166985% 2.5623562963e+01 5.1332843863e+01 8.5717936292e-02 8.3364461729e-01 7.7096271075e-01 7.7089134491e-01 6.5761231197e-01 6.5769711187e-01 6.5794927889e-01 5.0861767490e-01 5.0877459539e-01 5.0924446203e-01 5.1002454946e-01 542 5 60
1.2022644346e-01 -0.007375% 3.8044945033e+00 7.6084278840e+00 -5.6112252443e-04 8.6894120915e-01 0.041017% 1.8568093466e+01 3.7151425317e+01 1.5238384077e-02 2.5512363095e+00 0.162281% 2.6311339019e+01 5.2708213318e+01 8.5535280144e-02 8.3338237075e-01 7.7069473532e-01 7.7062822872e-01 6.5722860285e-01 6.5731634458e-01 6.5757735068e-01 5.0907295486e-01 5.0922116305e-01 5.0966507454e-01 5.1040250655e-01 521 5 60
1.3182567386e-01 -0.007025% 4.1455051642e+00 8.2904279008e+00 -5.8242750186e-04 9.5334788491e-01 0.044245% 1.9626611691e+01 3.9270598693e+01 1.7375310066e-02 2.7819692457e+00 0.156708% 2.6934476166e+01 5.3953501650e+01 8.4549317867e-02 8.3312775340e-01 7.7042531623e-01 7.7036418036e-01 6.5686667550e-01 6.5695664141e-01 6.5722436845e-01 5.0951321353e-01 5.0965268558e-01 5.1007054819e-01 5.1076509668e-01 449 5 55
1.4454397707e-01 -0.006596% 4.5140239415e+00 9.0274524717e+00 -5.9541134863e-04 1.0455984232e+00 0.047316% 2.0687659710e+01 4.1394905669e+01 1.9586248926e-02 3.0338587484e+00 0.150359% 2.7490967606e+01 5.5064729975e+01 8.2794762296e-02 8.3288157674e-01 7.7015550971e-01 7.7010022119e-01 6.5652782867e-01 6.5661928437e-01 6.5689156118e-01 5.0993664985e-01 5.1006744693e-01 5.1045942175e-01 5.1111128210e-01 369 5 45
1.5848931925e-01 -0.006080% 4.9117748121e+00 9.8229523840e+00 -5.9724015522e-04 1.1463955371e+00 0.050169% 2.1742878344e+01 4.3507583820e+01 2.1827132700e-02 3.3089579705e+00 0.143352% 2.7980671473e+01 5.6041679953e+01 8.0337006057e-02 8.3264451672e-01 7.6988640821e-01 7.6983740053e-01 6.5621300734e-01 6.5630521587e-01 6.5657985984e-01 5.1034172436e-01 5.1046398661e-01 5.1083047209e-01 5.1144023675e-01 394 5 50
1.7378008287e-01 -0.005473% 5.3405125783e+00 1.0680440594e+01 -5.8456287886e-04 1.2565110455e+00 0.052743% 2.2783366145e+01 4.5590778421e+01 2.4046131982e-02 3.6095315608e+00 0.135825% 2.8405307047e+01 5.6887882185e+01 7.7268092358e-02 8.3241709794e-01 7.6961912691e-01 7.6957678219e-01 6.5592277519e-01 6.5601501127e-01 6.5628987045e-01 5.1072719462e-01 5.1084113312e-01 5.1118274184e-01 5.1175136380e-01 439 5 55
1.9054607180e-01 -0.004770% 5.8020076976e+00 1.1603461935e+01 -5.5346046264e-04 1.3767947860e+00 0.054981% 2.3799861043e+01 4.7625907256e+01 2.6185169970e-02 3.9380763307e+00 0.127929% 2.8768324020e+01 5.7610348389e+01 7.3700349460e-02 8.3219968333e-01 7.6935478931e-01 7.6931943123e-01 6.5565729927e-01 6.5574886319e-01 6.5602185728e-01 5.1109214062e-01 5.1119802785e-01 5.1151555833e-01 5.1204430585e-01 398 5 50
2.0892961309e-01 -0.003965% 6.2980268559e+00 1.2595554304e+01 -4.9940733363e-04 1.5081846427e+00 0.056826% 2.4782965175e+01 4.9594112528e+01 2.8182177576e-02 4.2973436885e+00 0.119820% 2.9074646537e+01 5.8219051409e+01 6.9758335490e-02 8.3199246959e-01 7.6909451309e-01 7.6906640036e-01 6.5541634908e-01 6.5550657971e-01 6.5577573900e-01 5.1143597809e-01 5.1153413721e-01 5.1182854202e-01 5.1231894677e-01 380 5 50
2.2908676528e-01 -0.003054% 6.8303083043e+00 1.3660199365e+01 -4.1724313443e-04 1.6517176736e+00 0.058228% 2.5723411066e+01 5.1476796170e+01 2.9974038806e-02 4.6903640506e+00 0.111654% 2.9330309714e+01 5.8726189443e+01 6.5570015438e-02 8.3179548951e-01 7.6883939570e-01 7.6881871662e-01 6.5519931133e-01 6.5528759802e-01 6.5555109894e-01 5.1175845809e-01 5.1184925150e-01 5.1212160327e-01 5.1257540435e-01 330 5 45
2.5118864315e-01 -0.002035% 7.4005309547e+00 1.4800760748e+01 -3.0116154252e-04 1.8085423029e+00 0.059148% 2.6612364375e+01 5.3256228847e+01 3.1500097199e-02 5.1204735248e+00 0.103572% 2.9542022629e+01 5.9145303474e+01 6.1258215009e-02 8.3160862124e-01 7.6859050019e-01 7.6857736841e-01 6.5500522068e-01 6.5509101360e-01 6.5534720987e-01 5.1205965226e-01 5.1214347012e-01 5.1239492706e-01 5.1281401375e-01 354 5 45
2.7542287033e-01 -0.000903% 8.0102761704e+00 1.6020407616e+01 -1.4472454553e-04 1.9799315122e+00 0.059556% 2.7441754281e+01 5.4916214564e+01 3.2706000810e-02 5.5913431974e+00 0.095702% 2.9716704589e+01 5.9490342515e+01 5.6933336984e-02 8.3143160419e-01 7.6834884128e-01 7.6834329267e-01 6.5483280560e-01 6.5491562423e-01 6.5516307266e-01 5.1233992451e-01 5.1241717368e-01 5.1264894638e-01 5.1303530259e-01 344 5 45
3.0199517204e-01 0.000341% 8.6609812179e+00 1.7322021527e+01 5.9091487319e-05 2.1672969464e+00 0.059436% 2.8204617430e+01 5.6442782433e+01 3.3547572692e-02 6.1070113665e+00 0.088144% 2.9861047485e+01 5.9774783061e+01 5.2688091314e-02 8.3126406031e-01 7.6811537132e-01 7.6811736233e-01 6.5468054674e-01 6.5475998621e-01 6.5499746628e-01 5.1259989107e-01 5.1267098506e-01 5.1288430610e-01 5.1323995929e-01 281 5 40
3.3113112148e-01 0.001699% 9.3538834393e+00 1.8708084683e+01 3.1780476548e-04 2.3722038387e+00 0.058788% 2.8895435497e+01 5.7824865322e+01 3.3994327960e-02 6.6719190312e+00 0.080976% 2.9981153866e+01 6.0010902363e+01 4.8594631760e-02 8.3110551951e-01 7.6789096636e-01 7.6790037361e-01 6.5454674434e-01 6.5462247946e-01 6.5484900609e-01 5.1284037220e-01 5.1290572248e-01 5.1310182023e-01 5.1342879693e-01 326 5 40
3.6307805477e-01 0.003168% 1.0089954539e+01 2.0180548369e+01 6.3929185717e-04 2.5963866960e+00 0.057628% 2.9510440575e+01 5.9054913372e+01 3.4032221644e-02 7.2909489643e+00 0.074248% 3.0082287456e+01 6.0209279002e+01 4.4704089852e-02 8.3095544648e-01 7.6767641182e-01 7.6769303334e-01 6.5442958995e-01 6.5450137683e-01 6.5471620587e-01 5.1306233963e-01 5.1312234865e-01 5.1330242595e-01 5.1360271542e-01 361 5 45
3.9810717055e-01 0.004745% 1.0869824614e+01 2.1740680807e+01 1.0315800397e-03 2.8417656738e+00 0.055988% 3.0047857716e+01 6.0129380679e+01 3.3665247220e-02 7.9694685340e+00 0.067985% 3.0168752561e+01 6.0378553263e+01 4.1048141576e-02 8.3081326796e-01 7.6747238821e-01 7.6749594598e-01 6.5432723761e-01 6.5439491274e-01 6.5459753908e-01 5.1326686419e-01 5.1332192011e-01 5.1348713824e-01 5.1376266486e-01 324 5 45
4.3651583224e-01 0.006424% 1.1693696354e+01 2.3388895286e+01 1.5025772811e-03 3.1104636852e+00 0.053917% 3.0508052027e+01 6.1049019635e+01 3.2915580364e-02 8.7133765403e+00 0.062192% 3.0243895849e+01 6.0525433697e+01 3.7641998543e-02 8.3067839720e-01 7.6727945716e-01 7.6730960122e-01 6.5423786949e-01 6.5430134644e-01 6.5449149490e-01 5.1345506761e-01 5.1350554072e-01 5.1365700841e-01 5.1390961258e-01 322 5 40
4.7863009232e-01 0.008198% 1.2561250360e+01 2.5124560444e+01 2.0597239645e-03 3.4048242912e+00 0.051476% 3.0893550058e+01 6.1818922246e+01 3.1822131071e-02 9.5291541691e+00 0.056860% 3.0310204072e+01 6.0654896267e+01 3.4488123368e-02 8.3055025517e-01 7.6709804851e-01 7.6713436253e-01 6.5415975214e-01 6.5421901605e-01 6.5439662560e-01 5.1362808168e-01 5.1367432230e-01 5.1381308921e-01 5.1404451557e-01 273 5 35
5.2480746025e-01 0.010056% 1.3471543661e+01 2.6945796880e+01 2.7095591267e-03 3.7274305491e+00 0.048740% 3.1208913647e+01 6.2448264866e+01 3.0437570601e-02 1.0423920328e+01 0.051966% 3.0369459482e+01 6.0770498982e+01 3.1580018956e-02 8.3042828713e-01 7.6692844981e-01 7.6697045790e-01 6.5409128070e-01 6.5414638079e-01 6.5431158283e-01 5.1378701654e-01 5.1382935408e-01 5.1395640775e-01 5.1416829955e-01 282 5 40
5.7543993734e-01 0.011984% 1.4422904444e+01 2.8849266100e+01 3.4572124759e-03 4.0811250224e+00 0.045789% 3.1460459189e+01 6.2949742500e+01 2.8824121524e-02 1.1405491577e+01 0.047484% 3.0422913312e+01 6.0874732224e+01 2.8905599991e-02 8.3031197470e-01 7.6677079933e-01 7.6681797408e-01 6.5403100954e-01 6.5408205018e-01 6.5423514223e-01 5.1393293843e-01 5.1397168132e-01 5.1408794673e-01 5.1428184445e-01 307 5 40
6.3095734448e-01 0.013966% 1.5412827428e+01 3.0829960681e+01 4.3058247764e-03 4.4690312838e+00 0.042705% 3.1655835472e+01 6.3338719549e+01 2.7048604368e-02 1.2482447122e+01 0.043382% 3.0471445590e+01 6.0969341044e+01 2.6449864263e-02 8.3020084370e-01 7.6662508394e-01 7.6667685551e-01 6.5397766965e-01 6.5402480035e-01 6.5416621648e-01 5.1406685608e-01 5.1410229218e-01 5.1420863296e-01 5.1438597584e-01 272 5 35
6.9183097092e-01 0.015985% 1.6437875563e+01 3.2881007030e+01 5.2559043396e-03 4.8945772819e+00 0.039567% 3.1803495877e+01 6.3632169114e+01 2.5177360575e-02 1.3664199408e+01 0.039631% 3.0515692681e+01 6.1055582148e+01 2.4196785558e-02 8.3009446872e-01 7.6649114299e-01 7.6654690871e-01 6.5393017373e-01 6.5397357865e-01 6.5410385845e-01 5.1418971407e-01 5.1422211142e-01 5.1431933192e-01 5.1448146111e-01 249 5 35
7.5857757503e-01 0.018017% 1.7493595216e+01 3.4993495094e+01 6.3046622005e-03 5.3615210378e+00 0.036449% 3.1912120982e+01 6.3847513647e+01 2.3271682473e-02 1.4961071095e+01 0.036200% 3.0556137397e+01 6.1134405298e+01 2.2130503177e-02 8.2999247490e-01 7.6636867833e-01 7.6642781287e-01 6.5388761093e-01 6.5392749859e-01 6.5404725628e-01 5.1430239114e-01 5.1433199884e-01 5.1442084665e-01 5.1456900911e-01 249 5 35
8.3176377110e-01 0.020038% 1.8574453109e+01 3.7156351560e+01 7.4453409841e-03 5.8739791117e+00 0.033412% 3.1990060199e+01 6.4001504685e+01 2.1384287916e-02 1.6384379166e+01 0.033062% 3.0593166162e+01 6.1206568290e+01 2.0235966951e-02 8.2989453839e-01 7.6625727031e-01 7.6631913580e-01 6.5384923365e-01 6.5388582722e-01 6.5399572267e-01 5.1440570169e-01 5.1443275078e-01 5.1451391940e-01 5.1464927211e-01 266 5 35
9.1201083936e-01 0.022021% 1.9673804550e+01 3.9356275709e+01 8.6666086063e-03 6.4364583632e+00 0.030506% 3.2044861092e+01 6.4109279348e+01 1.9557164305e-02 1.7946527209e+01 0.030192% 3.0627102282e+01 6.1272703778e+01 1.8499213694e-02 8.2980038545e-01 7.6615639845e-01 7.6622035445e-01 6.5381443867e-01 6.5384796741e-01 6.5394868046e-01 5.1450039888e-01 5.1452510325e-01 5.1459923472e-01 5.1472284898e-01 289 5 35
1.0000000000e+00 0.023936% 2.0783902870e+01 4.1577757815e+01 9.9520752749e-03 7.0538914170e+00 0.027765% 3.2082940849e+01 6.4183702558e+01 1.7820860203e-02 1.9661106732e+01 0.027566% 3.0658224447e+01 6.1333356319e+01 1.6907425610e-02 8.2970979091e-01 7.6606546513e-01 7.6613087811e-01 6.5378274526e-01 6.5381343743e-01 6.5390564645e-01 5.1458717848e-01 5.1460973574e-01 5.1467742332e-01 5.1479028905e-01 207 5 30
1.0964781961e+00 0.025752% 2.1895960127e+01 4.3803200277e+01 1.1280022171e-02 7.7316762125e+00 0.025212% 3.2109427925e+01 6.4235050906e+01 1.6195055599e-02 2.1543008454e+01 0.025166% 3.0686777271e+01 6.1389003421e+01 1.5448877569e-02 8.2962257603e-01 7.6598382000e-01 7.6605007235e-01 6.5375377242e-01 6.5378184978e-01 6.5386621508e-01 5.1466668276e-01 5.1468727517e-01 5.1474906593e-01 5.1485209608e-01 207 5 30
1.2022644346e+00 0.027434% 2.3000268243e+01 4.6013159919e+01 1.2623433627e-02 8.4757199171e+00 0.022856% 3.2128169665e+01 6.4271029395e+01 1.4690064635e-02 2.3608544471e+01 0.022970% 3.0712977981e+01 6.1440068802e+01 1.4112839105e-02 8.2953860582e-01 7.6591078322e-01 7.6597728150e-01 6.5372721720e-01 6.5375289118e-01 6.5383004322e-01 5.1473950424e-01 5.1475829958e-01 5.1481469717e-01 5.1490873212e-01 220 5 30
1.3182567386e+00 0.028951% 2.4086387876e+01 4.8186726190e+01 1.3950437242e-02 9.2924874350e+00 0.020699% 3.2141872273e+01 6.4297053389e+01 1.3308842086e-02 2.5875582194e+01 0.020963% 3.0737021205e+01 6.1486931877e+01 1.2889466913e-02 8.2945778573e-01 7.6584566569e-01 7.6591184825e-01 6.5370283558e-01 6.5372630485e-01 6.5379683690e-01 5.1480618923e-01 5.1482334171e-01 5.1487480901e-01 5.1496062116e-01 229 5 30
1.4454397707e+00 0.030268% 2.5143409153e+01 5.0302043530e+01 1.5225225232e-02 1.0189054709e+01 0.018734% 3.2152320983e+01 6.4316691052e+01 1.2049086634e-02 2.8363691033e+01 0.019128% 3.0759082673e+01 6.1529935051e+01 1.1769705100e-02 8.2938005771e-01 7.6578778536e-01 7.6585312927e-01 6.5368042676e-01 6.5370187609e-01 6.5376634054e-01 5.1486724105e-01 5.1488289221e-01 5.1492985410e-01 5.1500815235e-01 241 5 30
1.5848931925e+00 0.031354% 2.6160283672e+01 5.2336976851e+01 1.6409507029e-02 1.1173167077e+01 0.016951% 3.2160624775e+01 6.4332154680e+01 1.0905129000e-02 3.1094302965e+01 0.017452% 3.0779322105e+01 6.1569389410e+01 1.0745199980e-02 8.2930539545e-01 7.6573647926e-01 7.6580050655e-01 6.5365982106e-01 6.5367942105e-01 6.5373832850e-01 5.1492312307e-01 5.1493740270e-01 5.1498024874e-01 5.1505168304e-01 208 5 30
1.7378008287e+00 0.032180% 2.7126174014e+01 5.4269812286e+01 1.7464256606e-02 1.2253259298e+01 0.015339% 3.2167510902e+01 6.4344891545e+01 9.8697411885e-03 3.4090909986e+01 0.015921% 3.0797806308e+01 6.1605420677e+01 9.8080607482e-03 8.2923387934e-01 7.6569108576e-01 7.6575336827e-01 6.5364105729e-01 6.5365896514e-01 6.5371278661e-01 5.1497412833e-01 5.1498715523e-01 5.1502624205e-01 5.1509140734e-01 171 4 24
1.9054607180e+00 0.032726% 2.8031088664e+01 5.6080530324e+01 1.8352997264e-02 1.3438698763e+01 0.013882% 3.2173216092e+01 6.4355366082e+01 8.9338979160e-03 3.7379170521e+01 0.014523% 3.0814832167e+01 6.1638615842e+01 8.9515082713e-03 8.2916536412e-01 7.6565105433e-01 7.6571122017e-01 6.5362362162e-01 6.5363998065e-01 6.5368914586e-01 5.1502092368e-01 5.1503280681e-01 5.1506846141e-01 5.1512790323e-01 186 4 24
2.0892961309e+00 0.032974% 2.8866070835e+01 5.7751184761e+01 1.9043090770e-02 1.4739604613e+01 0.012568% 3.2178042890e+01 6.4364175242e+01 8.0894607891e-03 4.0987250301e+01 0.013246% 3.0830439207e+01 6.1669047147e+01 8.1687326703e-03 8.2909996857e-01 7.6561579078e-01 7.6567352593e-01 6.5360759239e-01 6.5362253426e-01 6.5366743837e-01 5.1506372828e-01 5.1507456725e-01 5.1510708857e-01 5.1516130560e-01 183 4 24
2.2908676528e+00 0.032917% 2.9623854391e+01 5.9267218029e+01 1.9509247249e-02 1.6167100772e+01 0.011384% 3.2182141953e+01 6.4371612069e+01 7.3281630579e-03 4.4945969715e+01 0.012081% 3.0844740130e+01 6.1696933876e+01 7.4536158803e-03 8.2903773387e-01 7.6558476421e-01 7.6563981548e-01 6.5359286349e-01 6.5360650876e-01 6.5364751380e-01 5.1510287206e-01 5.1511275797e-01 5.1514241943e-01 5.1519186775e-01 183 4 24
2.5118864315e+00 0.032557% 3.0299238794e+01 6.0618213168e+01 1.9735581308e-02 1.7733367418e+01 0.010317% 3.2185624838e+01 6.4377891832e+01 6.6421549909e-03 4.9289081562e+01 0.011018% 3.0857839352e+01 6.1722479208e+01 6.8005032974e-03 8.2897870009e-01 7.6555748206e-01 7.6560965800e-01 6.5357933616e-01 6.5359179522e-01 6.5362923291e-01 5.1513865901e-01 5.1514767516e-01 5.1517472674e-01 5.1521982331e-01 172 4 24
2.7542287033e+00 0.031906% 3.0889420737e+01 6.1798558698e+01 1.9717223958e-02 1.9451742772e+01 0.009357% 3.2188583276e+01 6.4383190641e+01 6.0240885880e-03 5.4053554521e+01 0.010048% 3.0869833163e+01 6.1745870499e+01 6.2041732272e-03 8.2892289999e-01 7.6553349070e-01 7.6558266082e-01 6.5356691931e-01 6.5357829327e-01 6.5361246766e-01 5.1517136841e-01 5.1517959092e-01 5.1520426111e-01 5.1524538702e-01 172 4 24
3.0199517204e+00 0.030985% 3.1394193191e+01 6.2807847379e+01 1.9460998252e-02 2.1336835946e+01 0.008491% 3.2191096799e+01 6.4387660745e+01 5.4671483838e-03 5.9279885968e+01 0.009163% 3.0880810400e+01 6.1767280611e+01 5.6598095860e-03 8.2887035263e-01 7.6551237588e-01 7.6555846831e-01 6.5355552863e-01 6.5356591019e-01 6.5359710006e-01 5.1520125684e-01 5.1520875529e-01 5.1523125285e-01 5.1526875630e-01 173 4 24
3.3113112148e+00 0.029827% 3.1815975170e+01 6.3650935331e+01 1.8984992143e-02 2.3404651623e+01 0.007711% 3.2193235435e+01 6.4391435930e+01 4.9650600698e-03 6.5012447277e+01 0.008356% 3.0890853083e+01 6.1786869141e+01 5.1629760482e-03 8.2882105808e-01 7.6549376304e-01 7.6553676054e-01 6.5354508598e-01 6.5355456010e-01 6.5358302114e-01 5.1522856015e-01 5.1523539808e-01 5.1525591373e-01 5.1529011279e-01 191 4 24
3.6307805477e+00 0.028470% 3.2159650335e+01 6.4337617691e+01 1.8317021394e-02 2.5672727697e+01 0.007007% 3.2195060590e+01 6.4394633269e+01 4.5120894564e-03 7.1299864661e+01 0.007620% 3.0900036976e+01 6.1804783544e+01 4.7095913665e-03 8.2877499321e-01 7.6547731726e-01 7.6551725169e-01 6.5353551868e-01 6.5354416330e-01 6.5357013006e-01 5.1525349518e-01 5.1525973062e-01 5.1527843853e-01 5.1530962364e-01 190 4 24
3.9810717055e+00 0.026960% 3.2432213636e+01 6.4881919422e+01 1.7492151035e-02 2.8160286960e+01 0.006371% 3.2196625429e+01 6.4397353894e+01 4.1030353711e-03 7.8195438611e+01 0.006949% 3.0908432119e+01 6.1821160144e+01 4.2959057397e-03 8.2873210918e-01 7.6546274266e-01 7.6549968828e-01 6.5352675906e-01 6.5353464566e-01 6.5355833331e-01 5.1527626137e-01 5.1528194732e-01 5.1529900648e-01 5.1532744283e-01 171 4 24
4.3651583224e+00 0.025344% 3.2642250654e+01 6.5301050908e+01 1.6549599833e-02 3.0888403931e+01 0.005797% 3.2197975251e+01 6.4399683719e+01 3.7332164429e-03 8.5757605007e+01 0.006337% 3.0916103282e+01 6.1836125042e+01 3.9184781584e-03 8.2869233056e-01 7.6544978114e-01 7.6548384710e-01 6.5351874399e-01 6.5352593813e-01 6.5354754401e-01 5.1529704220e-01 5.1530222702e-01 5.1531778258e-01 5.1534371221e-01 172 4 24
4.7863009232e+00 0.023668% 3.2799299936e+01 6.5614129323e+01 1.5529451026e-02 3.3880187927e+01 0.005277% 3.2199147979e+01 6.4401694409e+01 3.3984508800e-03 9.4050441076e+01 0.005779% 3.0923110377e+01 6.1849794908e+01 3.5741546775e-03 8.2865555625e-01 7.6543821050e-01 7.6546953279e-01 6.5351141454e-01 6.5351797632e-01 6.5353768136e-01 5.1531600649e-01 5.1532073433e-01 5.1533491876e-01 5.1535856255e-01 171 4 24
5.2480746025e+00 0.021977% 3.2913169132e+01 6.5840807873e+01 1.4469609421e-02 3.7160983520e+01 0.004806% 3.2200174797e+01 6.4403444624e+01 3.0950287616e-03 1.0314421952e+02 0.005270% 3.0929508815e+01 6.1862277678e+01 3.2600475835e-03 8.2862166200e-01 7.6542784175e-01 7.6545657535e-01 6.5350471567e-01 6.5351070016e-01 6.5352867015e-01 5.1533330957e-01 5.1533762069e-01 5.1535055484e-01 5.1537211431e-01 185 4 24
5.7543993734e+00 0.020308% 3.2993285780e+01 6.5999974935e+01 1.3403375888e-02 4.0758589663e+01 0.004378% 3.2201080909e+01 6.4404981495e+01 2.8196772542e-03 1.1311601449e+02 0.004806% 3.0935349818e+01 6.1873673152e+01 2.9735154429e-03 8.2859050431e-01 7.6541851588e-01 7.6544482730e-01 6.5349859602e-01 6.5350405367e-01 6.5352044041e-01 5.1534909424e-01 5.1535302540e-01 5.1536481950e-01 5.1538447848e-01 183 4 24
6.3095734448e+00 0.018693% 3.3048159275e+01 6.6108676425e+01 1.2357874506e-02 4.4703498960e+01 0.003990% 3.2201886371e+01 6.4406342262e+01 2.5695201066e-03 1.2405036373e+02 0.004383% 3.0940680687e+01 6.1884073518e+01 2.7121440438e-03 8.2856192524e-01 7.6541010021e-01 7.6543416092e-01 6.5349300775e-01 6.5349798471e-01 6.5351292712e-01 5.1536349177e-01 5.1536707646e-01 5.1537783108e-01 5.1539575722e-01 185 4 24
6.9183097092e+00 0.017155% 3.3084952848e+01 6.6181258982e+01 1.1353285858e-02 4.9028981331e+01 0.003636% 3.2202677887e+01 6.4407697874e+01 2.3420998861e-03 1.3604007370e+02 0.003997% 3.0945465450e+01 6.1893404601e+01 2.4737007021e-03 8.2853583824e-01 7.6540245715e-01 7.6542443794e-01 6.5348809269e-01 6.5349263126e-01 6.5350625657e-01 5.1537648973e-01 5.1537975852e-01 5.1538956532e-01 5.1540591148e-01 135 3 18
7.5857757503e+00 0.015708% 3.3109545920e+01 6.6229495339e+01 1.0403499795e-02 5.3772072572e+01 0.003315% 3.2203321965e+01 6.4408778988e+01 2.1350582802e-03 1.4918668272e+02 0.003645% 3.0949908126e+01 6.1902072484e+01 2.2562322710e-03 8.2851190654e-01 7.6539555086e-01 7.6541561816e-01 6.5348342614e-01 6.5348756480e-01 6.5349998875e-01 5.1538847239e-01 5.1539145315e-01 5.1540039578e-01 5.1541530140e-01 135 3 18
8.3176377110e+00 0.014361% 3.3126187310e+01 6.6261890809e+01 9.5161897650e-03 5.8972846309e+01 0.003022% 3.2203901495e+01 6.4409749507e+01 1.9465176333e-03 1.6360181148e+02 0.003324% 3.0953963121e+01 6.1909984110e+01 2.0578689788e-03 8.2849004331e-01 7.6538927720e-01 7.6540758954e-01 6.5347916296e-01 6.5348293692e-01 6.5349426542e-01 5.1539940298e-01 5.1540212111e-01 5.1541027580e-01 5.1542386798e-01 135 3 18
9.1201083936e+00 0.013117% 3.3137891813e+01 6.6284478104e+01 8.6944789362e-03 6.4675428566e+01 0.002755% 3.2204426208e+01 6.4410627168e+01 1.7747512125e-03 1.7940778896e+02 0.003031% 3.0957662112e+01 6.1917201157e+01 1.8769333935e-03 8.2847008524e-01 7.6538357032e-01 7.6540027668e-01 6.5347527324e-01 6.5347871464e-01 6.5348904436e-01 5.1540937051e-01 5.1541184918e-01 5.1541928543e-01 5.1543168004e-01 145 3 18
1.0000000000e+01 0.011973% 3.3146630637e+01 6.6301199372e+01 7.9380992655e-03 7.0928216465e+01 0.002512% 3.2204902310e+01 6.4411422840e+01 1.6182190902e-03 1.9673876388e+02 0.002765% 3.0961036123e+01 6.1923784142e+01 1.7118960279e-03 8.2845187436e-01 7.6537837469e-01 7.6539361354e-01 6.5347172473e-01 6.5347486289e-01 6.5348428199e-01 5.1541845963e-01 5.1542071995e-01 5.1542750113e-01 5.1543880380e-01 153 3 18
1.0964781961e+01 0.010925% 3.3153604020e+01 6.6314452612e+01 7.2445716961e-03 7.7784282593e+01 0.002291% 3.2205334884e+01 6.4412145310e+01 1.4755414864e-03 2.1574184154e+02 0.002521% 3.0964113596e+01 6.1929788553e+01 1.5613614735e-03 8.2843526210e-01 7.6537364197e-01 7.6538754107e-01 6.5346848770e-01 6.5347134937e-01 6.5347993823e-01 5.1542674771e-01 5.1542880894e-01 5.1543499281e-01 5.1544529984e-01 144 3 18
1.2022644346e+01 0.009966% 3.3159493600e+01 6.6325597370e+01 6.6101695610e-03 8.5301823994e+01 0.002089% 3.2205728242e+01 6.4412801959e+01 1.3454755245e-03 2.3657832943e+02 0.002299% 3.0966920529e+01 6.1935265114e+01 1.4240566359e-03 8.2842011035e-01 7.6536932952e-01 7.6538200612e-01 6.5346553493e-01 6.5346814451e-01 6.5347597641e-01 5.1543430539e-01 5.1543618508e-01 5.1544182430e-01 5.1545122349e-01 149 3 18
1.3182567386e+01 0.009091% 3.3164663453e+01 6.6335357522e+01 6.0306153513e-03 9.3544655044e+01 0.001905% 3.2206086128e+01 6.4413399152e+01 1.2268968759e-03 2.5942510376e+02 0.002097% 3.0969480668e+01 6.1940260157e+01 1.2988200121e-03 8.2840629173e-01 7.6536539924e-01 7.6537696065e-01 6.5346284155e-01 6.5346522125e-01 6.5347236300e-01 5.1544119709e-01 5.1544291125e-01 5.1544805383e-01 5.1545662521e-01 135 3 18
1.4454397707e+01 0.008292% 3.3169301021e+01 6.6344103570e+01 5.5015277466e-03 1.0258274831e+02 0.001737% 3.2206411852e+01 6.4413942490e+01 1.1187853527e-03 2.8447610895e+02 0.001912% 3.0971815690e+01 6.1944815972e+01 1.1845919102e-03 8.2839368936e-01 7.6536181685e-01 7.6537236108e-01 6.5346038481e-01 6.5346255491e-01 6.5346906741e-01 5.1544748157e-01 5.1544904477e-01 5.1545373449e-01 5.1546155103e-01 136 3 18
1.5848931925e+01 0.007564% 3.3173504538e+01 6.6352027748e+01 5.0186721992e-03 1.1249282801e+02 0.001584% 3.2206708376e+01 6.4414436964e+01 1.0202134414e-03 3.1194400273e+02 0.001744% 3.0973945374e+01 6.1948971154e+01 1.0804055340e-03 8.2838219632e-01 7.6535855131e-01 7.6536816782e-01 6.5345814396e-01 6.5346012294e-01 6.5346606169e-01 5.1545321237e-01 5.1545463794e-01 5.1545891470e-01 5.1546604293e-01 137 3 18
1.7378008287e+01 0.006899% 3.3177331056e+01 6.6359240191e+01 4.5780784140e-03 1.2335902096e+02 0.001444% 3.2206978365e+01 6.4414887066e+01 9.3033690788e-04 3.4206196055e+02 0.001591% 3.0975887766e+01 6.1952760912e+01 9.8537885505e-04 8.2837171499e-01 7.6535557443e-01 7.6536434483e-01 6.5345610005e-01 6.5345790475e-01 6.5346332036e-01 5.1545843835e-01 5.1545973839e-01 5.1546363859e-01 5.1547013916e-01 135 3 18
1.9054607180e+01 0.006293% 3.3180819756e+01 6.6365815592e+01 4.1760797414e-03 1.3527357059e+02 0.001317% 3.2207224230e+01 6.4415296848e+01 8.4838683771e-04 3.7508565468e+02 0.001451% 3.0977659330e+01 6.1956217367e+01 8.9870719822e-04 8.2836215630e-01 7.6535286057e-01 7.6536085932e-01 6.5345423579e-01 6.5345588157e-01 6.5346082017e-01 5.1546320401e-01 5.1546438959e-01 5.1546794640e-01 5.1547387462e-01 153 3 18
2.0892961309e+01 0.005739% 3.3184001941e+01 6.6371813196e+01 3.8093132375e-03 1.4833761992e+02 0.001201% 3.2207448158e+01 6.4415669979e+01 7.7366268821e-04 4.1129542438e+02 0.001323% 3.0979275082e+01 6.1959369820e+01 8.1965647572e-04 8.2835343899e-01 7.6535038642e-01 7.6535768139e-01 6.5345253541e-01 6.5345403627e-01 6.5345853992e-01 5.1546754993e-01 5.1546863114e-01 5.1547187481e-01 5.1547728109e-01 146 3 18
2.2908676528e+01 0.005235% 3.3186904851e+01 6.6377284406e+01 3.4747032417e-03 1.6266207013e+02 0.001095% 3.2207652129e+01 6.4416009785e+01 7.0552609944e-04 4.5099865567e+02 0.001206% 3.0980748721e+01 6.1962244998e+01 7.4755701214e-04 8.2834548899e-01 7.6534813072e-01 7.6535478384e-01 6.5345098450e-01 6.5345235322e-01 6.5345646026e-01 5.1547151312e-01 5.1547249915e-01 5.1547545727e-01 5.1548038760e-01 149 3 18
2.5118864315e+01 0.004775% 3.3189505944e+01 6.6382181311e+01 3.1694234716e-03 1.7836798561e+02 0.000999% 3.2207898730e+01 6.4416440855e+01 6.4339431257e-04 4.9453279143e+02 0.001100% 3.0982016667e+01 6.1964715224e+01 6.8188914588e-04 8.2833831772e-01 7.6534606560e-01 7.6535213332e-01 6.5344974244e-01 6.5345099065e-01 6.5345473601e-01 5.1547499609e-01 5.1547589542e-01 5.1547859343e-01 5.1548309023e-01 98 2 12
2.7542287033e+01 0.004355% 3.3191920178e+01 6.6386731297e+01 2.8909411993e-03 1.9558970556e+02 0.000911% 3.2208069129e+01 6.4416724998e+01 5.8673978014e-04 5.4226660984e+02 0.001004% 3.0983242259e+01 6.1967106423e+01 6.2190522310e-04 8.2833170571e-01 7.6534418803e-01 7.6534972186e-01 6.5344845345e-01 6.5344959177e-01 6.5345300734e-01 5.1547829228e-01 5.1547911244e-01 5.1548157295e-01 5.1548567391e-01 100 2 12
3.0199517204e+01 0.003972% 3.3194127515e+01 6.6390891930e+01 2.6368989029e-03 2.1447301498e+02 0.000831% 3.2208218563e+01 6.4416972202e+01 5.3507603357e-04 5.9460568638e+02 0.000915% 3.0984366292e+01 6.1969299781e+01 5.6719729777e-04 8.2832566926e-01 7.6534247894e-01 7.6534752588e-01 6.5344726299e-01 6.5344830111e-01 6.5345141594e-01 5.1548130850e-01 5.1548205647e-01 5.1548430040e-01 5.1548804036e-01 99 2 12
3.3113112148e+01 0.003623% 3.3196141520e+01 6.6394688195e+01 2.4051545097e-03 2.3517816234e+02 0.000758% 3.2208354176e+01 6.4417196316e+01 4.8796422408e-04 6.5199434664e+02 0.000835% 3.0985392027e+01 6.1971301354e+01 5.1730094416e-04 8.2832016349e-01 7.6534092089e-01 7.6534552377e-01 6.5344617585e-01 6.5344712258e-01 6.5344996317e-01 5.1548406010e-01 5.1548474224e-01 5.1548678866e-01 5.1549019942e-01 100 2 12
3.6307805477e+01 0.003304% 3.3197978699e+01 6.6398151152e+01 2.1937550780e-03 2.5788090886e+02 0.000691% 3.2208477700e+01 6.4417400404e+01 4.4500292650e-04 7.1491976650e+02 0.000761% 3.0986327586e+01 6.1973126965e+01 4.7179310289e-04 8.2831514222e-01 7.6533950027e-01 7.6534369815e-01 6.5344518417e-01 6.5344604756e-01 6.5344863808e-01 5.1548656955e-01 5.1548719165e-01 5.1548905795e-01 5.1549216850e-01 100 2 12
3.9810717055e+01 0.003013% 3.3199654512e+01 6.6401309942e+01 2.0009181826e-03 2.8277397844e+02 0.000630% 3.2208590264e+01 6.4417586353e+01 4.0582608032e-04 7.8391612220e+02 0.000694% 3.0987180852e+01 6.1974791992e+01 4.3028793613e-04 8.2831056285e-01 7.6533820491e-01 7.6534203343e-01 6.5344427970e-01 6.5344506709e-01 6.5344742955e-01 5.1548885809e-01 5.1548942543e-01 5.1549112747e-01 5.1549396425e-01 101 2 12
4.3651583224e+01 0.002748% 3.3201183107e+01 6.6404191232e+01 1.8250169553e-03 3.1006868915e+02 0.000575% 3.2208692849e+01 6.4417755798e+01 3.7009996980e-04 8.5956912629e+02 0.000633% 3.0987959057e+01 6.1976310548e+01 3.9243350820e-04 8.2830638649e-01 7.6533702374e-01 7.6534051540e-01 6.5344345476e-01 6.5344417284e-01 6.5344632734e-01 5.1549094518e-01 5.1549146259e-01 5.1549301482e-01 5.1549560192e-01 117 2 12
4.7863009232e+01 0.002507% 3.3202577399e+01 6.6406819364e+01 1.6645665961e-03 3.3999674677e+02 0.000524% 3.2208786348e+01 6.4417910215e+01 3.3752036349e-04 9.4252099980e+02 0.000577% 3.0988668803e+01 6.1977695515e+01 3.5790880714e-04 8.2830257767e-01 7.6533594668e-01 7.6533913112e-01 6.5344270237e-01 6.5344335725e-01 6.5344532210e-01 5.1549284855e-01 5.1549332042e-01 5.1549473604e-01 5.1549709544e-01 105 2 12
5.2480746025e+01 0.002286% 3.3203849170e+01 6.6409216552e+01 1.5182120531e-03 3.7281221163e+02 0.000478% 3.2208871569e+01 6.4418050947e+01 3.0780990041e-04 1.0334759241e+03 0.000527% 3.0989316111e+01 6.1978958643e+01 3.2642103060e-04 8.2829910403e-01 7.6533496453e-01 7.6533786878e-01 6.5344201616e-01 6.5344261340e-01 6.5344440530e-01 5.1549458437e-01 5.1549501472e-01 5.1549630575e-01 5.1549845750e-01 116 2 12
5.7543993734e+01 0.002085% 3.3205009175e+01 6.6411403066e+01 1.3847167561e-03 4.0879365539e+02 0.000436% 3.2208949249e+01 6.4418179214e+01 2.8071570829e-04 1.1332060189e+03 0.000480% 3.0989906473e+01 6.1980110649e+01 2.9770310964e-04 8.2829593607e-01 7.6533406893e-01 7.6533671764e-01 6.5344139030e-01 6.5344193498e-01 6.5344356915e-01 5.1549616742e-01 5.1549655989e-01 5.1549773730e-01 5.1549969968e-01 109 2 12
6.3095734448e+01 0.001902% 3.3206067224e+01 6.6413397401e+01 1.2629523172e-03 4.4824652579e+02 0.000397% 3.2209020060e+01 6.4418296126e+01 2.5600723564e-04 1.2425578963e+03 0.000438% 3.0990444897e+01 6.1981161306e+01 2.7151144947e-04 8.2829304690e-01 7.6533325223e-01 7.6533566789e-01 6.5344081950e-01 6.5344131624e-01 6.5344280657e-01 5.1549761112e-01 5.1549796905e-01 5.1549904285e-01 5.1550083253e-01 98 2 12
6.9183097092e+01 0.001734% 3.3207032271e+01 6.6415216430e+01 1.1518891149e-03 4.9150573966e+02 0.000362% 3.2209084610e+01 6.4418402695e+01 2.3347427524e-04 1.3624598485e+03 0.000400% 3.0990935953e+01 6.1982119530e+01 2.4762386854e-04 8.2829041197e-01 7.6533250748e-01 7.6533471059e-01 6.5344029890e-01 6.5344075192e-01 6.5344211108e-01 5.1549892776e-01 5.1549925419e-01 5.1550023349e-01 5.1550186567e-01 98 2 12
7.5857757503e+01 0.001582% 3.3207912481e+01 6.6416875550e+01 1.0505876942e-03 5.3893852599e+02 0.000331% 3.2209143457e+01 6.4418499840e+01 2.1292516456e-04 1.4939297273e+03 0.000364% 3.0991383807e+01 6.1982993451e+01 2.2583771751e-04 8.2828800891e-01 7.6533182833e-01 7.6533383759e-01 6.5343982409e-01 6.5344023724e-01 6.5344147678e-01 5.1550012852e-01 5.1550042623e-01 5.1550131934e-01 5.1550280789e-01 99 2 12
8.3176377110e+01 0.001443% 3.3208715308e+01 6.6418388806e+01 9.5819090110e-04 5.9094754340e+02 0.000301% 3.2209197106e+01 6.4418588398e+01 1.9418514574e-04 1.6380835851e+03 0.000332% 3.0991792259e+01 6.1983790486e+01 2.0596816389e-04 8.2828581731e-01 7.6533120899e-01 7.6533304146e-01 6.5343939105e-01 6.5343976785e-01 6.5344089829e-01 5.1550122360e-01 5.1550149511e-01 5.1550230963e-01 5.1550366718e-01 99 2 12
9.1201083936e+01 0.001316% 3.3209447548e+01 6.6419769013e+01 8.7391670383e-04 6.4797429828e+02 0.000275% 3.2209246018e+01 6.4418669131e+01 1.7709487133e-04 1.7961451493e+03 0.000303% 3.0992164776e+01 6.1984517398e+01 1.8784662648e-04 8.2828381857e-01 7.6533064420e-01 7.6533231544e-01 6.5343899611e-01 6.5343933974e-01 6.5344037070e-01 5.1550222231e-01 5.1550246992e-01 5.1550321277e-01 5.1550445085e-01 98 2 12
1.0000000000e+02 0.001200% 3.3210115404e+01 6.6421027860e+01 7.9705163284e-04 7.1050289277e+02 0.000251% 3.2209290612e+01 6.4418742733e+01 1.6150904302e-04 1.9694562100e+03 0.000276% 3.0992504519e+01 6.1985180356e+01 1.7131934742e-04 8.2828199570e-01 7.6533012915e-01 7.6533165334e-01 6.5343863590e-01 6.5343894930e-01 6.5343988952e-01 5.1550313312e-01 5.1550335894e-01 5.1550403642e-01 5.1550516555e-01 114 2 12
1.0964781961e+02 0.001094% 3.3210724534e+01 6.6422176012e+01 7.2694478919e-04 7.7906413434e+02 0.000229% 3.2209331271e+01 6.4418809837e+01 1.4729517015e-04 2.1594880110e+03 0.000252% 3.0992814370e+01 6.1985784986e+01 1.5624608981e-04 8.2828033325e-01 7.6532965945e-01 7.6533104952e-01 6.5343830739e-01 6.5343859320e-01 6.5343945068e-01 5.1550396378e-01 5.1550416973e-01 5.1550478758e-01 5.1550581735e-01 106 2 12
1.2022644346e+02 0.000998% 3.3211280097e+01 6.6423223197e+01 6.6300237331e-04 8.5424004180e+02 0.000209% 3.2209368342e+01 6.4418871017e+01 1.3433243965e-04 2.3678537389e+03 0.000230% 3.0993096961e+01 6.1986336420e+01 1.4249894909e-04 8.2827881708e-01 7.6532923110e-01 7.6533049887e-01 6.5343800777e-01 6.5343826843e-01 6.5343905045e-01 5.1550472133e-01 5.1550490916e-01 5.1550547265e-01 5.1550641180e-01 105 2 12
1.3182567386e+02 0.000910% 3.3211786803e+01 6.6424178289e+01 6.0468269143e-04 9.3666878610e+02 0.000190% 3.2209402144e+01 6.4418926799e+01 1.2251068444e-04 2.5963222179e+03 0.000210% 3.0993354688e+01 6.1986839337e+01 1.2996126950e-04 8.2827743432e-01 7.6532884047e-01 7.6532999669e-01 6.5343773452e-01 6.5343797224e-01 6.5343868544e-01 5.1550541222e-01 5.1550558352e-01 5.1550609742e-01 5.1550695393e-01 108 2 12
1.4454397707e+02 0.000830% 3.3212248946e+01 6.6425049383e+01 5.5149159322e-04 1.0270501078e+03 0.000173% 3.2209432965e+01 6.4418977659e+01 1.1172944466e-04 2.8468329250e+03 0.000191% 3.0993589740e+01 6.1987298006e+01 1.1852665481e-04 8.2827617324e-01 7.6532848423e-01 7.6532953871e-01 6.5343748530e-01 6.5343770210e-01 6.5343835254e-01 5.1550604231e-01 5.1550619854e-01 5.1550666722e-01 5.1550744835e-01 98 2 12
1.5848931925e+02 0.000757% 3.3212670443e+01 6.6425843864e+01 5.0297830916e-04 1.1261512570e+03 0.000158% 3.2209461068e+01 6.4419024033e+01 1.0189711081e-04 3.1215124545e+03 0.000174% 3.0993804111e+01 6.1987716319e+01 1.0809806665e-04 8.2827502313e-01 7.6532815935e-01 7.6532912105e-01 6.5343725801e-01 6.5343745573e-01 6.5343804893e-01 5.1550661695e-01 5.1550675943e-01 5.1550718687e-01 5.1550789927e-01 98 2 12
1.7378008287e+02 0.000691% 3.3213054868e+01 6.6426568467e+01 4.5873165042e-04 1.2348135071e+03 0.000144% 3.2209486694e+01 6.4419066318e+01 9.2930143366e-05 3.4226925706e+03 0.000159% 3.0993999620e+01 6.1988097828e+01 9.8587001600e-05 8.2827397421e-01 7.6532786307e-01 7.6532874016e-01 6.5343705071e-01 6.5343723104e-01 6.5343777204e-01 5.1550714102e-01 5.1550727096e-01 5.1550766079e-01 5.1550831050e-01 98 2 12
1.9054607180e+02 0.000630% 3.3213405479e+01 6.6427229335e+01 4.1837653927e-04 1.3539592957e+03 0.000132% 3.2209510061e+01 6.4419104875e+01 8.4752361387e-05 3.7529300020e+03 0.000145% 3.0994177928e+01 6.1988445769e+01 8.9912741027e-05 8.2827301760e-01 7.6532759287e-01 7.6532839278e-01 6.5343686165e-01 6.5343702611e-01 6.5343751950e-01 5.1550761898e-01 5.1550773749e-01 5.1550809301e-01 5.1550868555e-01 98 2 12
2.0892961309e+02 0.000575% 3.3213707709e+01 6.6427797251e+01 3.8183296921e-04 1.4845985737e+03 0.000120% 3.2209549416e+01 6.4419176180e+01 7.7348311766e-05 4.1150298841e+03 0.000133% 3.0994306668e+01 6.1988695638e+01 8.2302145849e-05 8.2827219693e-01 7.6532736391e-01 7.6532809393e-01 6.5343675767e-01 6.5343690776e-01 6.5343735805e-01 5.1550798948e-01 5.1550809789e-01 5.1550842315e-01 5.1550896523e-01 61 1 6
2.2908676528e+02 0.000524% 3.3213994589e+01 6.6428337422e+01 3.4824321875e-04 1.6278426690e+03 0.000110% 3.2209575269e+01 6.4419221078e+01 7.0540176403e-05 4.5120630559e+03 0.000121% 3.0994448082e+01 6.1988971237e+01 7.5072751523e-05 8.2827140696e-01 7.6532713622e-01 7.6532780202e-01 6.5343661687e-01 6.5343675375e-01 6.5343716440e-01 5.1550837581e-01 5.1550847470e-01 5.1550877137e-01 5.1550926583e-01 62 1 6
2.5118864315e+02 0.000478% 3.3214260266e+01 6.6428838139e+01 3.1760674917e-04 1.7849071618e+03 0.000100% 3.2209593522e+01 6.4419251376e+01 6.4332724576e-05 4.9474008768e+03 0.000110% 3.0994583966e+01 6.1989236399e+01 6.8467824430e-05 8.2827067926e-01 7.6532692885e-01 7.6532753607e-01 6.5343647294e-01 6.5343659778e-01 6.5343697230e-01 5.1550874020e-01 5.1550883039e-01 5.1550910095e-01 5.1550955190e-01 61 1 6
2.7542287033e+02 0.000436% 3.3214504108e+01 6.6429297880e+01 2.8966515529e-04 1.9571251387e+03 0.000091% 3.2209608324e+01 6.4419275319e+01 5.8671642486e-05 5.4247392233e+03 0.000101% 3.0994709960e+01 6.1989482364e+01 6.2443578717e-05 8.2827001349e-01 7.6532674045e-01 7.6532729424e-01 6.5343633685e-01 6.5343645070e-01 6.5343679226e-01 5.1550907596e-01 5.1550915821e-01 5.1550940497e-01 5.1550981624e-01 74 1 6
3.0199517204e+02 0.000398% 3.3214727006e+01 6.6429718194e+01 2.6418140970e-04 2.1459584612e+03 0.000083% 3.2209621238e+01 6.4419295985e+01 5.3508749527e-05 5.9481302924e+03 0.000092% 3.0994825495e+01 6.1989707939e+01 5.6949361744e-05 8.2826940567e-01 7.6532656893e-01 7.6532707399e-01 6.5343621125e-01 6.5343631508e-01 6.5343662659e-01 5.1550938320e-01 5.1550945822e-01 5.1550968326e-01 5.1551005834e-01 66 1 6
3.3113112148e+02 0.000363% 3.3214930456e+01 6.6430101851e+01 2.4093935135e-04 2.3530101048e+03 0.000076% 3.2209632835e+01 6.4419314470e+01 4.8800202640e-05 6.5220171824e+03 0.000084% 3.0994931054e+01 6.1989914047e+01 5.1938553928e-05 8.2826885114e-01 7.6532641259e-01 7.6532687321e-01 6.5343609625e-01 6.5343619094e-01 6.5343647504e-01 5.1550966372e-01 5.1550973213e-01 5.1550993738e-01 5.1551027945e-01 71 1 6
3.6307805477e+02 0.000331% 3.3215116057e+01 6.6430451855e+01 2.1974183268e-04 2.5800377252e+03 0.000069% 3.2209643355e+01 6.4419331215e+01 4.4506015682e-05 7.1512716429e+03 0.000076% 3.0995027384e+01 6.1990102136e+01 4.7368623398e-05 8.2826834534e-01 7.6532627004e-01 7.6532669014e-01 6.5343599123e-01 6.5343607759e-01 6.5343633669e-01 5.1550991964e-01 5.1550998204e-01 5.1551016922e-01 5.1551048120e-01 69 1 6
3.9810717055e+02 0.000302% 3.3215285345e+01 6.6430771099e+01 2.0040904027e-04 2.8289685639e+03 0.000063% 3.2209652931e+01 6.4419346452e+01 4.0589720422e-05 7.8412354387e+03 0.000070% 3.0995115255e+01 6.1990273710e+01 4.3200780731e-05 8.2826788403e-01 7.6532614005e-01 7.6532652318e-01 6.5343589540e-01 6.5343597417e-01 6.5343621046e-01 5.1551015308e-01 5.1551020999e-01 5.1551038070e-01 5.1551066522e-01 74 1 6
4.3651583224e+02 0.000275% 3.3215439745e+01 6.6431062266e+01 1.8277697026e-04 3.1019158020e+03 0.000057% 3.2209661659e+01 6.4419360336e+01 3.7018058396e-05 8.5977656972e+03 0.000064% 3.0995195400e+01 6.1990430200e+01 3.9399649119e-05 8.2826746331e-01 7.6532602150e-01 7.6532637092e-01 6.5343580800e-01 6.5343587983e-01 6.5343609534e-01 5.1551036599e-01 5.1551041788e-01 5.1551057357e-01 5.1551083306e-01 62 1 6
4.7863009232e+02 0.000251% 3.3215580563e+01 6.6431327821e+01 1.6669603591e-04 3.4011964978e+03 0.000052% 3.2209669617e+01 6.4419372994e+01 3.3760698637e-05 9.4272846308e+03 0.000058% 3.0995268495e+01 6.1990572923e+01 3.5932964309e-05 8.2826707960e-01 7.6532591339e-01 7.6532623206e-01 6.5343572828e-01 6.5343579379e-01 6.5343599033e-01 5.1551056016e-01 5.1551060749e-01 5.1551074948e-01 5.1551098613e-01 62 1 6
5.2480746025e+02 0.000229% 3.3215708993e+01 6.6431570015e+01 1.5202980470e-04 3.7293512556e+03 0.000048% 3.2209676873e+01 6.4419384536e+01 3.0789980134e-05 1.0336834055e+04 0.000053% 3.0995335159e+01 6.1990703089e+01 3.2771300540e-05 8.2826672965e-01 7.6532581479e-01 7.6532610542e-01 6.5343565557e-01 6.5343571532e-01 6.5343589457e-01 5.1551073725e-01 5.1551078041e-01 5.1551090991e-01 5.1551112574e-01 61 1 6
5.7543993734e+02 0.000209% 3.3215826124e+01 6.6431790901e+01 1.3865383840e-04 4.0891657928e+03 0.000044% 3.2209683490e+01 6.4419395061e+01 2.8080676748e-05 1.1334135168e+04 0.000048% 3.0995395958e+01 6.1990821803e+01 2.9887820881e-05 8.2826641050e-01 7.6532572486e-01 7.6532598992e-01 6.5343558926e-01 6.5343564375e-01 6.5343580723e-01 5.1551089875e-01 5.1551093812e-01 5.1551105622e-01 5.1551125306e-01 61 1 6
6.3095734448e+02 0.000190% 3.3215932950e+01 6.6431992354e+01 1.2645464289e-04 4.4836945877e+03 0.000040% 3.2209689525e+01 6.4419404659e+01 2.5609782594e-05 1.2427654093e+04 0.000044% 3.0995451407e+01 6.1990930072e+01 2.7258049597e-05 8.2826611942e-01 7.6532564285e-01 7.6532588459e-01 6.5343552879e-01 6.5343557848e-01 6.5343572758e-01 5.1551104605e-01 5.1551108195e-01 5.1551118966e-01 5.1551136918e-01 61 1 6
6.9183097092e+02 0.000174% 3.3216030377e+01 6.6432176084e+01 1.1532870295e-04 4.9162868093e+03 0.000036% 3.2209695028e+01 6.4419413412e+01 2.3356317085e-05 1.3626673752e+04 0.000040% 3.0995501977e+01 6.1991028814e+01 2.4859664086e-05 8.2826585396e-01 7.6532556806e-01 7.6532578853e-01 6.5343547363e-01 6.5343551896e-01 6.5343565493e-01 5.1551118038e-01 5.1551121312e-01 5.1551131136e-01 5.1551147508e-01 62 1 6
7.5857757503e+02 0.000158% 3.3216119233e+01 6.6432343649e+01 1.0518160782e-04 5.3906147483e+03 0.000033% 3.2209700046e+01 6.4419421394e+01 2.1301145918e-05 1.4941372665e+04 0.000037% 3.0995548098e+01 6.1991118869e+01 2.2672305912e-05 8.2826561186e-01 7.6532549985e-01 7.6532570092e-01 6.5343542333e-01 6.5343546467e-01 6.5343558868e-01 5.1551130289e-01 5.1551133276e-01 5.1551142235e-01 5.1551157166e-01 62 1 6
8.3176377110e+02 0.000144% 3.3216200272e+01 6.6432496471e+01 9.5927248976e-05 5.9107049913e+03 0.000030% 3.2209704623e+01 6.4419428673e+01 1.9426818985e-05 1.6382911358e+04 0.000033% 3.0995590161e+01 6.1991200999e+01 2.0677407729e-05 8.2826539106e-01 7.6532543764e-01 7.6532562102e-01 6.5343537746e-01 6.5343541516e-01 6.5343552825e-01 5.1551141463e-01 5.1551144186e-01 5.1551152357e-01 5.1551165975e-01 61 1 6
9.1201083936e+02 0.000132% 3.3216274180e+01 6.6432635848e+01 8.7487092615e-05 6.4809726030e+03 0.000028% 3.2209708797e+01 6.4419435312e+01 1.7717422146e-05 1.7963527104e+04 0.000030% 3.0995628523e+01 6.1991275903e+01 1.8858035724e-05 8.2826518969e-01 7.6532538091e-01 7.6532554815e-01 6.5343533562e-01 6.5343537000e-01 6.5343547314e-01 5.1551151653e-01 5.1551154137e-01 5.1551161589e-01 5.1551174008e-01 61 1 6
1.0000000000e+03 0.000120% 3.3216341586e+01 6.6432762962e+01 7.9789511044e-05 7.1062586053e+03 0.000025% 3.2209712604e+01 6.4419441366e+01 1.6158441702e-05 1.9696637806e+04 0.000028% 3.0995663509e+01 6.1991344217e+01 1.7198746092e-05 8.2826500603e-01 7.6532532916e-01 7.6532548169e-01 6.5343529746e-01 6.5343532882e-01 6.5343542288e-01 5.1551160946e-01 5.1551163212e-01 5.1551170008e-01 5.1551181335e-01 61 1 6
