1.0000000000e-03 0.003894% 3.2752794855e-02 6.5508140285e-02 2.5505749361e-06 5.8508235472e-03 0.002610% 2.3171407271e-01 4.6344024073e-01 1.2095319063e-05 3.2464283197e-02 -0.082528% 5.0746252101e-01 1.0140881325e+00 -8.3690950184e-04 8.6605614436e-01 7.9942060933e-01 7.9947934224e-01 7.0191731120e-01 7.0193584671e-01 7.0199179299e-01 4.6172817463e-01 4.6150435268e-01 4.6083016796e-01 4.5969737765e-01 1748 5 146
1.0964781961e-03 0.004065% 3.5923476960e-02 7.1849874484e-02 2.9205639588e-06 6.4242983015e-03 0.002635% 2.5404619025e-01 5.0810576879e-01 1.3388285143e-05 3.5562554498e-02 -0.086192% 5.5600921825e-01 1.1110607893e+00 -9.5764718286e-04 8.6596381943e-01 7.9935624599e-01 7.9941752785e-01 7.0175894280e-01 7.0177762207e-01 7.0183401120e-01 4.6191860910e-01 4.6168553198e-01 4.6098335484e-01 4.5980314340e-01 1246 3 108
1.2022644346e-03 0.004243% 3.9401481111e-02 7.8806306022e-02 3.3437995154e-06 7.0543909150e-03 0.002653% 2.7852493052e-01 5.5706463799e-01 1.4776944726e-05 3.8954790908e-02 -0.090020% 6.0913237373e-01 1.2171690558e+00 -1.0956916636e-03 8.6586738215e-01 7.9928893335e-01 7.9935286278e-01 7.0159372072e-01 7.0161248918e-01 7.0166915587e-01 4.6211715928e-01 4.6187450602e-01 4.6114335639e-01 4.5991403200e-01 1092 3 102
1.3182567386e-03 0.004428% 4.3216632560e-02 8.6437092981e-02 3.8278606266e-06 7.7467461799e-03 0.002662% 3.0535529456e-01 6.1072684628e-01 1.6257154608e-05 4.2668632879e-02 -0.094019% 6.6724869358e-01 1.3332438808e+00 -1.2535063368e-03 8.6576666227e-01 7.9921854125e-01 7.9928521940e-01 7.0142137916e-01 7.0144017493e-01 7.0149693156e-01 4.6232412807e-01 4.6207157245e-01 4.6131045351e-01 4.6003029279e-01 1102 3 102
1.4454397707e-03 0.004621% 4.7401653169e-02 9.4807687726e-02 4.3813892344e-06 8.5075788887e-03 0.002662% 3.3476156119e-01 6.6954094307e-01 1.7820699770e-05 4.6734283170e-02 -0.098200% 7.3080973175e-01 1.4601855604e+00 -1.4339031439e-03 8.6566148312e-01 7.9914493398e-01 7.9921446447e-01 7.0124164362e-01 7.0126039689e-01 7.0131703158e-01 4.6253982706e-01 4.6227703806e-01 4.6148493750e-01 4.6015218760e-01 1158 3 108
1.5848931925e-03 0.004822% 5.1992442210e-02 1.0398989865e-01 5.0142351652e-06 9.3437321898e-03 0.002650% 3.6698903349e-01 7.3399752101e-01 1.9454021829e-05 5.1184739360e-02 -0.102572% 8.0030415302e-01 1.5989682149e+00 -1.6400911455e-03 8.6555166207e-01 7.9906797053e-01 7.9914045934e-01 7.0105423193e-01 7.0107286437e-01 7.0112913894e-01 4.6276457511e-01 4.6249121752e-01 4.6166710931e-01 4.6027999070e-01 1097 3 102
1.7378008287e-03 0.005030% 5.7028384244e-02 1.1406250611e-01 5.7376215209e-06 1.0262742063e-02 0.002627% 4.0230592931e-01 8.0463299526e-01 2.1136640526e-05 5.6056046450e-02 -0.107145% 8.7626000472e-01 1.7506442773e+00 -1.8757321869e-03 8.6543701048e-01 7.9898750435e-01 7.9906305969e-01 7.0085885441e-01 7.0087727837e-01 7.0093292616e-01 4.6299869816e-01 4.6271443321e-01 4.6185727957e-01 4.6041398930e-01 927 3 90
1.9054607180e-03 0.005247% 6.2552686303e-02 1.2511193694e-01 6.5643320282e-06 1.1272908388e-02 0.002589% 4.4100542283e-01 8.8203368480e-01 2.2839141338e-05 6.1387571573e-02 -0.111932% 9.5924695156e-01 1.9163488995e+00 -2.1450035890e-03 8.6531733396e-01 7.9890338326e-01 7.9898211539e-01 7.0065521468e-01 7.0067333250e-01 7.0072805593e-01 4.6324252806e-01 4.6294701425e-01 4.6205576810e-01 4.6055448386e-01 1015 3 96
2.0892961309e-03 0.005472% 6.8612758077e-02 1.3723302506e-01 7.5089085836e-06 1.2383378408e-02 0.002536% 4.8340790274e-01 9.6684032749e-01 2.4522015468e-05 6.7222299296e-02 -0.116945% 1.0498786494e+00 2.0973046163e+00 -2.4526825503e-03 8.6519242081e-01 7.9881544787e-01 7.9889746878e-01 7.0044298372e-01 7.0046068781e-01 7.0051415864e-01 4.6349642802e-01 4.6318932052e-01 4.6226292363e-01 4.6070180041e-01 1272 4 128
2.2908676528e-03 0.005705% 7.5260579824e-02 1.5052974759e-01 8.5879428796e-06 1.3604216193e-02 0.002465% 5.2986314997e-01 1.0597524281e+00 2.6128122687e-05 7.3607166583e-02 -0.122196% 1.1488140123e+00 2.2948238405e+00 -2.8041841013e-03 8.6506208405e-01 7.9872353638e-01 7.9880896001e-01 7.0022189536e-01 7.0023906494e-01 7.0029091437e-01 4.6376069878e-01 4.6344165430e-01 4.6247905196e-01 4.6085624715e-01 1310 4 128
2.5118864315e-03 0.005947% 8.2553197795e-02 1.6511621586e-01 9.8202738756e-06 1.4946522601e-02 0.002375% 5.8075315666e-01 1.1615338985e+00 2.7585224358e-05 8.0593399747e-02 -0.127702% 1.2567600793e+00 2.5103144449e+00 -3.2057136518e-03 8.6492610181e-01 7.9862747760e-01 7.9871641915e-01 6.9999161126e-01 7.0000811385e-01 7.0005793673e-01 4.6403571042e-01 4.6370438455e-01 4.6270451769e-01 4.6101817749e-01 1305 4 128
2.7542287033e-03 0.006199% 9.0553177723e-02 1.8111758279e-01 1.1227339747e-05 1.6422526071e-02 0.002262% 6.3649468613e-01 1.2730181697e+00 2.8797458268e-05 8.8236905630e-02 -0.133478% 1.3744728746e+00 2.7452814151e+00 -3.6643340629e-03 8.6478425543e-01 7.9852709517e-01 7.9861967092e-01 6.9975180754e-01 6.9976749730e-01 6.9981484720e-01 4.6432181740e-01 4.6397786700e-01 4.6293967921e-01 4.6118795060e-01 1331 4 128
3.0199517204e-03 0.006460% 9.9329144256e-02 1.9867112202e-01 1.2833512191e-05 1.8045703105e-02 0.002125% 6.9754222809e-01 1.3951140968e+00 2.9640595767e-05 9.6598683650e-02 -0.139541% 1.5027586802e+00 3.0013292680e+00 -4.1880925397e-03 8.6463632038e-01 7.9842220640e-01 7.9851853340e-01 6.9950215444e-01 6.9951687129e-01 6.9956125760e-01 4.6461937815e-01 4.6426246258e-01 4.6318490401e-01 4.6136594142e-01 1249 4 120
3.3113112148e-03 0.006730% 1.0895636286e-01 2.1792739221e-01 1.4666485890e-05 1.9830907395e-02 0.001959% 7.6439110120e-01 1.5288121575e+00 2.9955070051e-05 1.0574527492e-01 -0.145912% 1.6424746284e+00 3.2801631033e+00 -4.7861535508e-03 8.6448206641e-01 7.9831262220e-01 7.9841281785e-01 6.9924231677e-01 6.9925588548e-01 6.9929677047e-01 4.6492875430e-01 4.6455853682e-01 4.6344056843e-01 4.6155254111e-01 1264 4 120
3.6307805477e-03 0.007010% 1.1951737645e-01 2.3905151063e-01 1.6757717901e-05 2.1794512527e-02 0.001763% 8.3758074262e-01 1.6751910227e+00 2.9537432268e-05 1.1574924882e-01 -0.152611% 1.7945286276e+00 3.5835883070e+00 -5.4689482752e-03 8.6432125759e-01 7.9819814697e-01 7.9830232856e-01 6.9897195414e-01 6.9898418336e-01 6.9902097923e-01 4.6525031008e-01 4.6486645939e-01 4.6370705754e-01 4.6174815753e-01 1128 4 112
3.9810717055e-03 0.007300% 1.3110270027e-01 2.6222454347e-01 1.9142920831e-05 2.3954568998e-02 0.001533% 9.1769817322e-01 1.8354244762e+00 2.8129743699e-05 1.2668973074e-01 -0.159661% 1.9598784248e+00 3.9135085098e+00 -6.2483398794e-03 8.6415365325e-01 7.9807857876e-01 7.9818686297e-01 6.9869072320e-01 6.9870140452e-01 6.9873347019e-01 4.6558440971e-01 4.6518660164e-01 4.6398476341e-01 4.6195321482e-01 1276 4 120
4.3651583224e-03 0.007601% 1.4381158400e-01 2.8764503063e-01 2.1862622236e-05 2.6330979068e-02 0.001264% 1.0053816468e+00 2.0107887005e+00 2.5406893470e-05 1.3865297155e-01 -0.167087% 2.1395296952e+00 4.2719215788e+00 -7.1378117437e-03 8.6397900679e-01 7.9795370877e-01 7.9806621114e-01 6.9839827515e-01 6.9840718213e-01 6.9843382037e-01 4.6593141961e-01 4.6551933880e-01 4.6427408717e-01 4.6216815524e-01 1271 4 120
4.7863009232e-03 0.007911% 1.5775284001e-01 3.1553064282e-01 2.4962789294e-05 2.8945687778e-02 0.000952% 1.1013244344e+00 2.2026698293e+00 2.0960594512e-05 1.5173296612e-01 -0.174916% 2.3345327933e+00 4.6609129171e+00 -8.1526694606e-03 8.6379706746e-01 7.9782332177e-01 7.9794015602e-01 6.9809425976e-01 6.9810114701e-01 6.9812160125e-01 4.6629170385e-01 4.6586504578e-01 4.6457543577e-01 4.6239343774e-01 1190 4 112
5.2480746025e-03 0.008233% 1.7304575141e-01 3.4611999834e-01 2.8495527667e-05 3.1822895789e-02 0.000592% 1.2062787581e+00 2.4125717965e+00 1.4280311625e-05 1.6603212106e-01 -0.183178% 2.5459780783e+00 5.0826458896e+00 -9.3102670051e-03 8.6360758005e-01 7.9768719625e-01 7.9780847357e-01 6.9777832443e-01 6.9778292666e-01 6.9779637810e-01 4.6666562453e-01 4.6622409753e-01 4.6488922255e-01 4.6262953896e-01 1244 4 120
5.7543993734e-03 0.008565% 1.8982105805e-01 3.7967463597e-01 3.2519883074e-05 3.4989292617e-02 0.000179% 1.3210597980e+00 2.6421243253e+00 4.7293580699e-06 1.8166197513e-01 -0.191904% 2.7749894025e+00 5.5393485546e+00 -1.0630250369e-02 8.6341028543e-01 7.9754510377e-01 7.9767093209e-01 6.9745011607e-01 6.9745214720e-01 6.9745771173e-01 4.6705353988e-01 4.6659686737e-01 4.6521586608e-01 4.6287695295e-01 1213 4 120
6.3095734448e-03 0.008909% 2.0822203543e-01 4.1648117357e-01 3.7102715305e-05 3.8474315663e-02 -0.000293% 1.4465497706e+00 2.8930910574e+00 -8.4836758066e-06 1.9874398006e-01 -0.201131% 3.0227155826e+00 6.0332963455e+00 -1.2134819685e-02 8.6320492114e-01 7.9739680982e-01 7.9752729288e-01 6.9710928161e-01 6.9710843389e-01 6.9710515945e-01 4.6745580282e-01 4.6698372563e-01 4.6555578923e-01 4.6313619122e-01 1143 4 112
6.9183097092e-03 0.009263% 2.2840566595e-01 4.5685365160e-01 4.2319696716e-05 4.2310434833e-02 -0.000832% 1.5837019773e+00 3.1673776143e+00 -2.6340279448e-05 2.1741034136e-01 -0.210895% 3.2903194436e+00 6.5667898813e+00 -1.3849005892e-02 8.6299122199e-01 7.9724207361e-01 7.9737731006e-01 6.9675546962e-01 6.9675141288e-01 6.9673827681e-01 4.6787275901e-01 4.6738503788e-01 4.6590941792e-01 4.6340778234e-01 1080 4 111
7.5857757503e-03 0.009629% 2.5054391438e-01 5.0113608517e-01 4.8256421642e-05 4.6533467088e-02 -0.001444% 1.7335447690e+00 3.4670394831e+00 -5.0054932278e-05 2.3780492628e-01 -0.221236% 3.5789641686e+00 7.1421273797e+00 -1.5800957596e-02 8.6276892074e-01 7.9708064831e-01 7.9722073065e-01 6.9638833155e-01 6.9638071246e-01 6.9635661915e-01 4.6830474509e-01 4.6780116333e-01 4.6627717992e-01 4.6369227165e-01 1030 4 104
8.3176377110e-03 0.010007% 2.7482511297e-01 5.4970523559e-01 5.5009651272e-05 5.1182923195e-02 -0.002138% 1.8971853158e+00 3.7942895042e+00 -8.1127400741e-05 2.6008424256e-01 -0.232198% 3.8897966048e+00 7.7615709793e+00 -1.8022230340e-02 8.6253774886e-01 7.9691228128e-01 7.9705729474e-01 6.9600752317e-01 6.9599596465e-01 6.9595974353e-01 4.6875208675e-01 4.6823245296e-01 4.6665950341e-01 4.6399022067e-01 1024 4 104
9.1201083936e-03 0.010397% 3.0145546480e-01 6.0297361829e-01 6.2688695743e-05 5.6302390028e-02 -0.002924% 2.0758130614e+00 4.1515047164e+00 -1.2140637388e-04 2.8441849354e-01 -0.243827% 4.2239272218e+00 8.4273063764e+00 -2.0548067101e-02 8.6229743747e-01 7.9673671441e-01 7.9688673572e-01 6.9561270630e-01 6.9559680703e-01 6.9554721093e-01 4.6921509638e-01 4.6867924738e-01 4.6705681534e-01 4.6430220633e-01 922 4 96
1.0000000000e-02 0.010798% 3.3066067326e-01 6.6139276347e-01 7.1416956683e-05 6.1939952226e-02 -0.003813% 2.2707027080e+00 4.5412322495e+00 -1.7316651585e-04 3.1099271479e-01 -0.256172% 4.5824064561e+00 9.1413952571e+00 -2.3417655182e-02 8.6204771831e-01 7.9655368465e-01 7.9670878069e-01 6.9520355041e-01 6.9518288449e-01 6.9511858854e-01 4.6969407084e-01 4.6914187465e-01 4.6746953958e-01 4.6462881994e-01 1001 4 104
1.0964781961e-02 0.011211% 3.6268770157e-01 7.2545673680e-01 8.1333662024e-05 6.8148655389e-02 -0.004817% 2.4832165216e+00 4.9661938406e+00 -2.3920250815e-04 3.4000799557e-01 -0.269282% 4.9661971873e+00 9.9057200359e+00 -2.6674338739e-02 8.6178832488e-01 7.9636292402e-01 7.9652315044e-01 6.9477973498e-01 6.9475385179e-01 6.9467345272e-01 4.7018928888e-01 4.6962064788e-01 4.6789809490e-01 4.6497066588e-01 1002 4 104
1.2022644346e-02 0.011637% 3.9780680969e-01 7.9570621496e-01 9.2595584169e-05 7.4987079907e-02 -0.005948% 2.7148063702e+00 5.4292898115e+00 -3.2292878377e-04 3.7168275258e-01 -0.283213% 5.3761457670e+00 1.0721925620e+01 -3.0365914232e-02 8.6151896874e-01 7.9616415730e-01 7.9632955659e-01 6.9434089613e-01 6.9430932171e-01 6.9421134217e-01 4.7070106150e-01 4.7011591311e-01 4.6834293544e-01 4.6532838914e-01 1168 5 120
1.3182567386e-02 0.012075% 4.3631312043e-01 8.7273162066e-01 1.0537980036e-04 8.2519675417e-02 -0.007223% 2.9670117562e+00 5.9335949482e+00 -4.2856419722e-04 4.0625430398e-01 -0.298017% 5.8129376463e+00 1.1591331186e+01 -3.4544106685e-02 8.6123943544e-01 7.9595711496e-01 7.9612771587e-01 6.9388683795e-01 6.9384907151e-01 6.9373194911e-01 4.7122952817e-01 4.7062785522e-01 4.6880438646e-01 4.6570256357e-01 1165 5 120
1.4454397707e-02 0.012525% 4.7852954671e-01 9.5717897751e-01 1.1988410394e-04 9.0817714650e-02 -0.008657% 3.2414619148e+00 6.4823626264e+00 -5.6120320611e-04 4.4398019766e-01 -0.313749% 6.2770713906e+00 1.2514877526e+01 -3.9265254989e-02 8.6094945076e-01 7.9574152186e-01 7.9591733516e-01 6.9341722845e-01 6.9337274861e-01 6.9323485535e-01 4.7177494155e-01 4.7115676907e-01 4.6928287344e-01 4.6609384706e-01 1041 5 108
1.5848931925e-02 0.012987% 5.2480850328e-01 1.0497533419e+00 1.3633530204e-04 9.9959686289e-02 -0.010272% 3.5398695908e+00 7.0790120000e+00 -7.2718156888e-04 4.8513983093e-01 -0.330463% 6.7688061258e+00 1.3493022769e+01 -4.4589482207e-02 8.6064876885e-01 7.9551708021e-01 7.9569810334e-01 6.9293183110e-01 6.9288008724e-01 6.9271970270e-01 4.7233748045e-01 4.7170288076e-01 4.6977876949e-01 4.6650287616e-01 1010 5 110
1.7378008287e-02 0.013462% 5.7553499907e-01 1.1512249797e+00 1.5498155134e-04 1.1003226449e-01 -0.012088% 3.8640283357e+00 7.7271226258e+00 -9.3404564639e-04 5.3003647988e-01 -0.348213% 7.2881232601e+00 1.4525666193e+01 -5.0580327050e-02 8.6033715310e-01 7.9528352646e-01 7.9546973239e-01 6.9243038595e-01 6.9237081201e-01 6.9218616610e-01 4.7291729078e-01 4.7226638756e-01 4.7029243131e-01 4.6693029249e-01 1199 5 120
1.9054607180e-02 0.013950% 6.3112887627e-01 1.2624338583e+00 1.7610579481e-04 1.2113095431e-01 -0.014128% 4.2158019206e+00 8.4304127579e+00 -1.1910833022e-03 5.7899887122e-01 -0.367049% 7.8346757105e+00 1.5612047611e+01 -5.7303810267e-02 8.6001437753e-01 7.9504057329e-01 7.9523191469e-01 6.9191268678e-01 6.9184469446e-01 6.9163394666e-01 4.7351448404e-01 4.7284745520e-01 4.7082419356e-01 4.6737673462e-01 1049 5 110
2.0892961309e-02 0.014450% 6.9204790510e-01 1.3842958341e+00 2.0002387052e-04 1.3336107660e-01 -0.016421% 4.5971137345e+00 9.1927179466e+00 -1.5095223690e-03 6.3238336614e-01 -0.387013% 8.4077440799e+00 1.6750660963e+01 -6.4827196333e-02 8.5968022998e-01 7.9478794101e-01 7.9498434664e-01 6.9137854860e-01 6.9130153151e-01 6.9106278382e-01 4.7412913102e-01 4.7344621223e-01 4.7137436482e-01 4.6784283567e-01 1161 5 120
2.2908676528e-02 0.014962% 7.5879076317e-01 1.5178086155e+00 2.2708918412e-04 1.4683873365e-01 -0.018995% 5.0099306868e+00 1.0017958436e+01 -1.9029372633e-03 6.9057609048e-01 -0.408142% 9.0061922598e+00 1.7939167244e+01 -7.3217275910e-02 8.5933451362e-01 7.9452535186e-01 7.9472672451e-01 6.9082781767e-01 6.9074115372e-01 6.9047245850e-01 4.7476126005e-01 4.7406274792e-01 4.7194322472e-01 4.6832921903e-01 1203 5 120
2.5118864315e-02 0.015486% 8.3190023403e-01 1.6640581645e+00 2.5769644659e-04 1.6169189001e-01 -0.021885% 5.4562425938e+00 1.0910097501e+01 -2.3876869470e-03 7.5399527100e-01 -0.430462% 9.6284281613e+00 1.9174318199e+01 -8.2538124137e-02 8.5897704954e-01 7.9425253245e-01 7.9445874676e-01 6.9026037446e-01 6.9016342887e-01 6.8986279847e-01 4.7541085305e-01 4.7469710831e-01 4.7253101954e-01 4.6883649331e-01 1163 5 120
2.7542287033e-02 0.016022% 9.1196654095e-01 1.8242253676e+00 2.9228568187e-04 1.7806154937e-01 -0.025128% 5.9380359053e+00 1.1873088393e+01 -2.9834177909e-03 8.2309373284e-01 -0.453984% 1.0272371881e+01 2.0451895477e+01 -9.2848285215e-02 8.5860767919e-01 7.9396921487e-01 7.9418011519e-01 6.8967613758e-01 6.8956826633e-01 6.8923368434e-01 4.7607784208e-01 4.7534929247e-01 4.7313795792e-01 4.6936524689e-01 1010 5 110
3.0199517204e-02 0.016571% 9.9963081785e-01 1.9995929820e+00 3.3134631939e-04 1.9610304250e-01 -0.028764% 6.4572610465e+00 1.2910808465e+01 -3.7136283219e-03 8.9836158505e-01 -0.478701% 1.0935434838e+01 2.1766672307e+01 -1.0419736915e-01 8.5822626704e-01 7.9367513860e-01 7.9389053681e-01 6.8907506730e-01 6.8895562118e-01 6.8858505558e-01 4.7676210605e-01 4.7601924899e-01 4.7376420642e-01 4.6991604153e-01 762 5 85
3.3113112148e-02 0.017130% 1.0955886776e+00 2.1915527765e+00 3.7542125463e-04 2.1598742683e-01 -0.032839% 7.0157924947e+00 1.4026978689e+01 -4.6063000921e-03 9.8032911642e-01 -0.504586% 1.1614513283e+01 2.3112404585e+01 -1.1662198021e-01 8.5783270430e-01 7.9337005269e-01 7.9358972612e-01 6.8845717142e-01 6.8832550048e-01 6.8791691810e-01 4.7746346388e-01 4.7670686924e-01 4.7440988321e-01 4.7048940671e-01 899 5 100
3.6307805477e-02 0.017701% 1.2005938876e+00 2.4016128861e+00 4.2511088010e-04 2.3790302890e-01 -0.037403% 7.6153809220e+00 1.5225067278e+01 -5.6945663781e-03 1.0695698786e+00 -0.531583% 1.2306000895e+01 2.4481860447e+01 -1.3014134229e-01 8.5742690967e-01 7.9305371723e-01 7.9327740659e-01 6.8782250443e-01 6.8767796333e-01 6.8722934734e-01 4.7818167834e-01 4.7741199004e-01 4.7507505680e-01 4.7108583107e-01 907 5 100
3.9810717055e-02 0.018282% 1.3154627739e+00 2.6314066233e+00 4.8107551689e-04 2.6205745442e-01 -0.042508% 8.2575986142e+00 1.6508179854e+01 -7.0173739850e-03 1.1667037611e+00 -0.559607% 1.3005833562e+01 2.5866914028e+01 -1.4475309508e-01 8.5700879178e-01 7.9272589983e-01 7.9295330657e-01 6.8717108429e-01 6.8701303942e-01 6.8652241222e-01 4.7891653198e-01 4.7813446674e-01 4.7575981040e-01 4.7170581072e-01 1071 6 120
4.3651583224e-02 0.018873% 1.4410751716e+00 2.8826943855e+00 5.4404232432e-04 2.8867809552e-01 -0.048216% 8.9437655180e+00 1.7878910612e+01 -8.6204243426e-03 1.2724016334e+00 -0.588531% 1.3709508044e+01 2.7258590855e+01 -1.6042523301e-01 8.5657841368e-01 7.9238640219e-01 7.9261718857e-01 6.8650324421e-01 6.8633107584e-01 6.8579650665e-01 4.7966749776e-01 4.7887385568e-01 4.7646396095e-01 4.7234963340e-01 1069 6 120
4.7863009232e-02 0.019472% 1.5783817984e+00 3.1573783985e+00 6.1480164728e-04 3.1801592033e-01 -0.054586% 9.6748852437e+00 1.9339213942e+01 -1.0556545229e-02 1.3873877752e+00 -0.618192% 1.4412226501e+01 2.8647357462e+01 -1.7709553922e-01 8.5613576440e-01 7.9203502799e-01 7.9226881370e-01 6.8581913747e-01 6.8563225063e-01 6.8505189046e-01 4.8043420628e-01 4.7962986280e-01 4.7718744965e-01 4.7301766470e-01 1020 6 114
5.2480746025e-02 0.020078% 1.7284052839e+00 3.4575047784e+00 6.9421063318e-04 3.5034646717e-01 -0.061687% 1.0451552997e+01 2.0890219513e+01 -1.2886480902e-02 1.5124449887e+00 -0.648379% 1.5108975687e+01 3.0023286753e+01 -1.9466462014e-01 8.5568090966e-01 7.9167160780e-01 7.9190796910e-01 6.8511905969e-01 6.8491689037e-01 6.8428899219e-01 4.8121614299e-01 4.8040205188e-01 4.7793008464e-01 4.7371015175e-01 978 6 108
5.7543993734e-02 0.020690% 1.8922438446e+00 3.7852708795e+00 7.8319030341e-04 3.8597242001e-01 -0.069587% 1.1273863720e+01 2.2532048175e+01 -1.5679264641e-02 1.6484189402e+00 -0.678834% 1.5794677949e+01 3.1376362516e+01 -2.1299338204e-01 8.5521395978e-01 7.9129599674e-01 7.9153446531e-01 6.8440337688e-01 6.8418539993e-01 6.8350834439e-01 4.8201271738e-01 4.8118991042e-01 4.7869159605e-01 4.7442725849e-01 980 6 108
6.3095734448e-02 0.021306% 2.0710740009e+00 4.1430307219e+00 8.8272008482e-04 4.2522610799e-01 -0.078358% 1.2141311170e+01 2.4263609978e+01 -1.9012362435e-02 1.7962231052e+00 -0.709248% 1.6464357384e+01 3.2696813243e+01 -2.3190152467e-01 8.5473507255e-01 7.9090807747e-01 7.9114813958e-01 6.8367252877e-01 6.8343826626e-01 6.8271058866e-01 4.8282326113e-01 4.8199284706e-01 4.7947163144e-01 4.7516905706e-01 875 6 102
6.9183097092e-02 0.021923% 2.2661526785e+00 4.5332991850e+00 9.9382806261e-04 4.6847217957e-01 -0.088072% 1.3052681806e+01 2.6082392216e+01 -2.2971395981e-02 1.9568441636e+00 -0.739264% 1.7113322654e+01 3.3975476874e+01 -2.5116843362e-01 8.5424445783e-01 7.9050776366e-01 7.9074885977e-01 6.8292703589e-01 6.8267606591e-01 6.8189648460e-01 4.8364702529e-01 4.8281018767e-01 4.8026974807e-01 4.7593551265e-01 771 6 90
7.5857757503e-02 0.022537% 2.4788187117e+00 4.9587549978e+00 1.1175743887e-03 5.1611055498e-01 -0.098803% 1.4005947253e+01 2.7984245171e+01 -2.7649334765e-02 2.1313478985e+00 -0.768478% 1.7737358969e+01 3.5204181596e+01 -2.7053634174e-01 8.5374237790e-01 7.9009500378e-01 7.9033652839e-01 6.8216749760e-01 6.8189946308e-01 6.8106690773e-01 4.8448317890e-01 4.8364117429e-01 4.8108541279e-01 4.7672648463e-01 982 6 108
8.3176377110e-02 0.023146% 2.7104931448e+00 5.4222413180e+00 1.2550284537e-03 5.6857950333e-01 -0.110619% 1.4998159102e+01 2.9963173293e+01 -3.3144910921e-02 2.3208855725e+00 -0.796450% 1.8332914626e+01 3.6376111878e+01 -2.8971737321e-01 8.5322915203e-01 7.8966978265e-01 7.8991108484e-01 6.8139460040e-01 6.8110921829e-01 6.8022285924e-01 4.8533081105e-01 4.8448496488e-01 4.8191799441e-01 4.7754170527e-01 985 6 108
9.1201083936e-02 0.023744% 2.9626785486e+00 5.9267643308e+00 1.4072337154e-03 6.2635904607e-01 -0.123582% 1.6025353279e+01 3.2011146425e+01 -3.9560132947e-02 2.5267010903e+00 -0.822712% 1.8897270048e+01 3.7486137170e+01 -3.0840292615e-01 8.5270515899e-01 7.8923212738e-01 7.8947251171e-01 6.8060911960e-01 6.8030618994e-01 6.7936546693e-01 4.8618892610e-01 4.8534062875e-01 4.8276675986e-01 4.7838077677e-01 982 6 108
1.0000000000e-01 0.024325% 3.2369566948e+00 6.4754885504e+00 1.5751608152e-03 6.8997456710e-01 -0.137748% 1.7082470478e+01 3.4117944274e+01 -4.6996682197e-02 2.7501387507e+00 -0.846788% 1.9428673535e+01 3.8531070644e+01 -3.2627642596e-01 8.5217083876e-01 7.8878210960e-01 7.8902083755e-01 6.7981192184e-01 6.7949133672e-01 6.7849598698e-01 4.8705644659e-01 4.8620714820e-01 4.8363087150e-01 4.7924316065e-01 982 6 108
1.0964781961e-01 0.024883% 3.5349878747e+00 7.0717353857e+00 1.7596363104e-03 7.6000243604e-01 -0.153155% 1.8163301935e+01 3.6271053071e+01 -5.5550799406e-02 2.9926503030e+00 -0.868215% 1.9926462860e+01 3.9509894857e+01 -3.4303086280e-01 8.5162662050e-01 7.8831983724e-01 7.8855612801e-01 6.7900381082e-01 6.7866556456e-01 6.7761565471e-01 4.8793235701e-01 4.8708355721e-01 4.8450951022e-01 4.8012827251e-01 1136 7 126
1.2022644346e-01 0.025409% 3.8584918295e+00 7.7189449433e+00 1.9612843861e-03 8.3706780830e-01 -0.169827% 1.9260470371e+01 3.8455632789e+01 -6.5307953350e-02 3.2558102865e+00 -0.886548% 2.0390965623e+01 4.0423557073e+01 -3.5837417307e-01 8.5107320559e-01 7.8784550378e-01 7.8807854056e-01 6.7818612539e-01 6.7783031802e-01 6.7672625418e-01 4.8881515942e-01 4.8796841226e-01 4.8540139328e-01 4.8103508460e-01 661 7 84
1.3182567386e-01 0.025893% 4.2092565066e+00 8.4206933940e+00 2.1803808860e-03 9.2185800496e-01 -0.187762% 2.0365460232e+01 4.0654586465e+01 -7.6333998509e-02 3.5413186228e+00 -0.901411% 2.0823639051e+01 4.1275218667e+01 -3.7205943550e-01 8.5051116628e-01 7.8735932656e-01 7.8758825645e-01 6.7735988797e-01 6.7698673698e-01 6.7582930092e-01 4.8970365708e-01 4.8886055184e-01 4.8630545895e-01 4.8196267592e-01 768 7 98
1.4454397707e-01 0.026324% 4.5891148347e+00 9.1806464044e+00 2.4167350459e-03 1.0151217711e+00 -0.206931% 2.1468700778e+01 4.2848734364e+01 -8.8667192306e-02 3.8510174784e+00 -0.912504% 2.1226846391e+01 4.2069803973e+01 -3.8388880842e-01 8.4994120223e-01 7.8686159142e-01 7.8708553040e-01 6.7652634848e-01 6.7613619384e-01 6.7492655734e-01 4.9059645937e-01 4.8975861536e-01 4.8722042893e-01 4.8290987338e-01 767 7 98
1.5848931925e-01 0.026688% 4.9999315527e+00 1.0002532613e+01 2.6695080893e-03 1.1176757436e+00 -0.227265% 2.2559718964e+01 4.5017129523e+01 -1.0230840386e-01 4.1869033313e+00 -0.919625% 2.1603710071e+01 4.2813694863e+01 -3.9372527876e-01 8.4936407937e-01 7.8635264595e-01 7.8657068352e-01 6.7568685396e-01 6.7528016340e-01 6.7401990318e-01 4.9149210495e-01 4.9066116184e-01 4.8814491336e-01 4.8387533259e-01 766 7 98
1.7378008287e-01 0.026969% 5.4435832526e+00 1.0890103499e+01 2.9369939649e-03 1.2304099991e+00 -0.248658% 2.3627366011e+01 4.7137520737e+01 -1.1721128467e-01 4.5511418270e+00 -0.922679% 2.1957887272e+01 4.3514277443e+01 -4.0149710156e-01 8.4878062900e-01 7.8583290251e-01 7.8604410682e-01 6.7484284749e-01 6.7442022043e-01 6.7311132841e-01 4.9238906628e-01 4.9156667364e-01 4.8907741212e-01 4.8485753593e-01 765 7 98
1.9054607180e-01 0.027149% 5.9219336347e+00 1.1847083621e+01 3.2163519073e-03 1.3542940158e+00 -0.270952% 2.4660121361e+01 4.9186969640e+01 -1.3327308234e-01 4.9460844407e+00 -0.921688% 2.2293314865e+01 4.4179433276e+01 -4.0719645413e-01 8.4819174650e-01 7.8530284075e-01 7.8550626443e-01 6.7399586613e-01 6.7355803609e-01 6.7220292450e-01 4.9328575496e-01 4.9247356105e-01 4.9001631745e-01 4.8585479230e-01 766 7 98
2.0892961309e-01 0.027206% 6.4368033952e+00 1.2877110075e+01 3.5032847237e-03 1.4903830920e+00 -0.293937% 2.5646471199e+01 5.1142615182e+01 -1.5032721746e-01 5.3742872054e+00 -0.916778% 2.2613948109e+01 4.4817023803e+01 -4.1087241459e-01 8.4759838911e-01 7.8476300989e-01 7.8495769639e-01 6.7314753783e-01 6.7269537311e-01 6.7129687381e-01 4.9418052790e-01 4.9338016780e-01 4.9095991762e-01 4.8686523891e-01 681 7 84
2.2908676528e-01 0.027115% 6.9899422320e+00 1.3983676095e+01 3.7916310469e-03 1.6398296027e+00 -0.317347% 2.6575332022e+01 5.2982525773e+01 -1.6813827069e-01 5.8385275276e+00 -0.908171% 2.2923568806e+01 4.5434514693e+01 -4.1262291793e-01 8.4700148622e-01 7.8421401646e-01 7.8439900525e-01 6.7229939414e-01 6.7183389809e-01 6.7039526069e-01 4.9507185701e-01 4.9428493653e-01 4.9190654972e-01 4.8788697280e-01 759 8 96
2.5118864315e-01 0.026849% 7.5829562575e+00 1.5169985536e+01 4.0730207965e-03 1.8038744289e+00 -0.340858% 2.7436606641e+01 5.4686808823e+01 -1.8640445885e-01 6.3418435816e+00 -0.896138% 2.3225394667e+01 4.6038223178e+01 -4.1256615643e-01 8.4640226754e-01 7.8365657898e-01 7.8383091750e-01 6.7145356401e-01 6.7097586750e-01 6.6950073218e-01 4.9595771472e-01 4.9518580798e-01 4.9285404166e-01 4.8891757055e-01 677 8 88
2.7542287033e-01 0.026378% 8.2173007634e+00 1.6438937768e+01 4.3362410024e-03 1.9838775975e+00 -0.364093% 2.8221593149e+01 5.6238426163e+01 -2.0476013520e-01 6.8875391676e+00 -0.881008% 2.3522209696e+01 4.6633574043e+01 -4.1084535007e-01 8.4580178211e-01 7.8309145275e-01 7.8325419990e-01 6.7061176301e-01 6.7012312296e-01 6.6861551286e-01 4.9683647685e-01 4.9608110309e-01 4.9380053014e-01 4.8995479368e-01 675 8 88
3.0199517204e-01 0.025666% 8.8941967440e+00 1.7792960234e+01 4.5667457525e-03 2.1813129378e+00 -0.386625% 2.8923523873e+01 5.7624257943e+01 -2.2278980227e-01 7.4792273386e+00 -0.863114% 2.3816115629e+01 4.7224629103e+01 -4.0760215544e-01 8.4520119768e-01 7.8251947734e-01 7.8266971246e-01 6.6977592693e-01 6.6927771800e-01 6.6774200981e-01 4.9770635930e-01 4.9696897276e-01 4.9474395170e-01 4.9099615465e-01 750 8 96
3.3113112148e-01 0.024675% 9.6145731206e+00 1.9233892289e+01 4.7460479516e-03 2.3977810878e+00 -0.407994% 2.9537967565e+01 5.8835888225e+01 -2.4004690409e-01 8.1208610747e+00 -0.842782% 2.4108562202e+01 4.7814155076e+01 -4.0296932684e-01 8.4460172121e-01 7.8194156540e-01 7.8207839680e-01 6.6894804864e-01 6.6844175304e-01 6.6688264203e-01 4.9856556619e-01 4.9784754281e-01 4.9568217791e-01 4.9203903668e-01 752 8 96
3.6307805477e-01 0.023365% 1.0378994636e+01 2.0762840442e+01 4.8511704700e-03 2.6350198678e+00 -0.427723% 3.0063132833e+01 5.9870187330e+01 -2.5607833701e-01 8.8167707961e+00 -0.820319% 2.4400389412e+01 4.8403714118e+01 -3.9706470598e-01 8.4400459415e-01 7.8135869940e-01 7.8148127494e-01 6.6813016588e-01 6.6761736192e-01 6.6603982295e-01 4.9941229991e-01 4.9871492426e-01 4.9661302711e-01 4.9308070915e-01 651 8 80
3.9810717055e-01 0.021687% 1.1187587115e+01 2.2380027765e+01 4.8535345866e-03 2.8949168000e+00 -0.445340% 3.0500018688e+01 6.0729584078e+01 -2.7045329888e-01 9.5717094396e+00 -0.795997% 2.4691908550e+01 4.8993827475e+01 -3.8998962566e-01 8.4341107247e-01 7.8077193810e-01 7.8087944368e-01 6.6732434620e-01 6.6680669414e-01 6.6521593544e-01 5.0024477620e-01 4.9956922887e-01 4.9753428170e-01 4.9411834969e-01 753 8 96
4.3651583224e-01 0.019595% 1.2039946835e+01 2.4084613013e+01 4.7193429986e-03 3.1795200699e+00 -0.460411% 3.0852376338e+01 6.1421959089e+01 -2.8279358700e-01 1.0390895292e+01 -0.770067% 2.4982999329e+01 4.9584167570e+01 -3.8183108847e-01 8.4282244138e-01 7.8018239513e-01 7.8027407762e-01 6.6653267672e-01 6.6601190358e-01 6.6441331628e-01 5.0106123036e-01 5.0040857590e-01 4.9844369702e-01 4.9514905780e-01 649 8 88
4.7863009232e-01 0.017037% 1.2935059659e+01 2.5874527442e+01 4.4081232895e-03 3.4910546717e+00 -0.472564% 3.1126474125e+01 6.1960147163e+01 -2.9280108721e-01 1.1280070323e+01 -0.742751% 2.5273214100e+01 5.0173761944e+01 -3.7266625516e-01 8.4223998150e-01 7.7959125314e-01 7.7966641858e-01 6.6575724169e-01 6.6523512362e-01 6.6363422581e-01 5.0185993730e-01 5.0123111315e-01 4.9933902578e-01 4.9616988623e-01 457 8 64
5.2480746025e-01 0.013958% 1.3871231179e+01 2.7746335107e+01 3.8727490566e-03 3.8319516076e+00 -0.481515% 3.1330601520e+01 6.2360925947e+01 -3.0027709250e-01 1.2245542688e+01 -0.714269% 2.5561952861e+01 5.0761333434e+01 -3.6257228772e-01 8.4166484951e-01 7.7899973297e-01 7.7905775429e-01 6.6499985027e-01 6.6447819636e-01 6.6288058133e-01 5.0263943999e-01 5.0203524328e-01 5.0021823800e-01 4.9717805037e-01 638 9 90
5.7543993734e-01 0.010304% 1.4845913146e+01 2.9694886136e+01 3.0598447012e-03 4.2048126239e+00 -0.487104% 3.1474738110e+01 6.2644333407e+01 -3.0514281346e-01 1.3294307839e+01 -0.684810% 2.5848219689e+01 5.1344824748e+01 -3.5161463094e-01 8.4109852852e-01 7.7840915311e-01 7.7844948440e-01 6.6426299971e-01 6.6374362590e-01 6.6215488019e-01 5.0339772520e-01 5.0281881364e-01 5.0107875443e-01 4.9817023817e-01 639 9 90
6.3095734448e-01 0.006021% 1.5855744934e+01 3.1713399199e+01 1.9093299604e-03 4.6125056779e+00 -0.489288% 3.1569504299e+01 6.2831581099e+01 -3.0742749842e-01 1.4434044953e+01 -0.654584% 2.6131144470e+01 5.1922413174e+01 -3.3987576518e-01 8.4054214117e-01 7.7782082848e-01 7.7784300523e-01 6.6354842380e-01 6.6303313862e-01 6.6145879834e-01 5.0413345915e-01 5.0358033483e-01 5.0191861256e-01 4.9914368412e-01 638 9 90
6.9183097092e-01 0.001053% 1.6896405310e+01 3.3793166317e+01 3.5569720395e-04 5.0581402630e+00 -0.488155% 3.1625681764e+01 6.2944099001e+01 -3.0726452805e-01 1.5673246439e+01 -0.623793% 2.6409730747e+01 5.2492019703e+01 -3.2744179095e-01 8.3999687002e-01 7.7723612271e-01 7.7723977032e-01 6.6285798617e-01 6.6234856823e-01 6.6079404984e-01 5.0484521808e-01 5.0431822543e-01 5.0273575481e-01 5.0009553288e-01 654 9 90
7.5857757503e-01 -0.004651% 1.7962578489e+01 3.5923486278e+01 -1.6707004441e-03 5.5451046239e+00 -0.483901% 3.1653501295e+01 6.3002134640e+01 -3.0486794888e-01 1.7021295625e+01 -0.592646% 2.6682960728e+01 5.3051514020e+01 -3.1440743685e-01 8.3946383768e-01 7.7665642363e-01 7.7664126308e-01 6.6219342954e-01 6.6169160709e-01 6.6016214557e-01 5.0553169657e-01 5.0503101947e-01 5.0352823311e-01 5.0102303797e-01 630 9 90
8.3176377110e-01 -0.011135% 1.9047926822e+01 3.8091612114e+01 -4.2415297016e-03 6.0770953641e+00 -0.476812% 3.1662110718e+01 6.3023716939e+01 -3.0050449750e-01 1.8488564600e+01 -0.561349% 2.6949822154e+01 5.3598768398e+01 -3.0087591076e-01 8.3894409135e-01 7.7608313244e-01 7.7604898546e-01 6.6155634560e-01 6.6106377665e-01 6.5956436608e-01 5.0619172600e-01 5.0571738718e-01 5.0429423665e-01 5.0192360029e-01 508 9 72
9.1201083936e-01 -0.018439% 2.0145096796e+01 4.0282766048e+01 -7.4275438203e-03 6.6581512932e+00 -0.467225% 3.1659217203e+01 6.3023970358e+01 -2.9446404741e-01 2.0086521164e+01 -0.530110% 2.7209331760e+01 5.4131705759e+01 -2.8695776011e-01 8.3843858703e-01 7.7551765201e-01 7.7546444545e-01 6.6094814386e-01 6.6046639737e-01 6.5900173524e-01 5.0682429298e-01 5.0637615604e-01 5.0503212016e-01 5.0279480780e-01 507 9 72
1.0000000000e+00 -0.026588% 2.1245766951e+01 4.2480239114e+01 -1.1294788631e-02 7.2926921895e+00 -0.455501% 3.1650923172e+01 6.3014813129e+01 -2.8703321484e-01 2.1827845423e+01 -0.499135% 2.7460557380e+01 5.4648345767e+01 -2.7276899398e-01 8.3794817385e-01 7.7496137446e-01 7.7488914401e-01 6.6037002030e-01 6.5990055872e-01 6.5847499511e-01 5.0742855733e-01 5.0700633139e-01 5.0574043237e-01 5.0363447542e-01 507 9 72
1.0964781961e+00 -0.035598% 2.2340745918e+01 4.4665591877e+01 -1.5899959112e-02 7.9855631514e+00 -0.441990% 3.1641742940e+01 6.3005010141e+01 -2.7847573834e-01 2.3726556466e+01 -0.468619% 2.7702639498e+01 5.5146850326e+01 -2.5842867102e-01 8.3747357904e-01 7.7441566822e-01 7.7432456129e-01 6.5982292699e-01 6.5936709066e-01 6.5798458337e-01 5.0800386895e-01 5.0760711598e-01 5.0641794322e-01 5.0444068388e-01 508 9 72
1.2022644346e+00 -0.045462% 2.3420127776e+01 4.6818970532e+01 -2.1285019922e-02 8.7420852646e+00 -0.427015% 3.1634760452e+01 6.3000499541e+01 -2.6902136233e-01 2.5798149767e+01 -0.438748% 2.7934812125e+01 5.5625568129e+01 -2.4405612048e-01 8.3701539426e-01 7.7388186477e-01 7.7377214269e-01 6.5930754424e-01 6.5886653778e-01 6.5753061426e-01 5.0854978252e-01 5.0817792744e-01 5.0706366898e-01 5.0521181595e-01 508 9 72
1.3182567386e+00 -0.056156% 2.4473509724e+01 4.8919548127e+01 -2.7471322299e-02 9.5681132804e+00 -0.410862% 3.1631873211e+01 6.3004883523e+01 -2.5886289870e-01 2.8059745983e+01 -0.409692% 2.8156422304e+01 5.6083076654e+01 -2.2976795376e-01 8.3657406408e-01 7.7336124552e-01 7.7323328479e-01 6.5882425697e-01 6.5839913818e-01 6.5711286486e-01 5.0906606924e-01 5.0871841246e-01 5.0767689357e-01 5.0594658823e-01 515 9 72
1.4454397707e+00 -0.067629% 2.5490328344e+01 5.0946202320e+01 -3.4454367578e-02 1.0470150262e+01 -0.393775% 3.1633969504e+01 6.3019782702e+01 -2.4815630593e-01 3.0530205856e+01 -0.381606% 2.8367064068e+01 5.6518450091e+01 -2.1567804595e-01 8.3614973651e-01 7.7285502299e-01 7.7270931304e-01 6.5837283126e-01 6.5796450541e-01 6.5673047424e-01 5.0955296841e-01 5.0922869919e-01 5.0825742254e-01 5.0664430599e-01 563 10 80
1.5848931925e+00 -0.079798% 2.6459987749e+01 5.2877780281e+01 -4.2195216722e-02 1.1455231240e+01 -0.375979% 3.1641567154e+01 6.3046094063e+01 -2.3704024517e-01 3.3230483640e+01 -0.354613% 2.8566130636e+01 5.6930378766e+01 -2.0188250614e-01 8.3574281700e-01 7.7236435419e-01 7.7220150489e-01 6.5795361628e-01 6.5756282128e-01 6.5638310757e-01 5.1001022245e-01 5.0970844024e-01 5.0880465036e-01 5.0730397070e-01 559 10 80
1.7378008287e+00 -0.092551% 2.7372565244e+01 5.4694510262e+01 -5.0620225916e-02 1.2531279268e+01 -0.357662% 3.1654463290e+01 6.3083301814e+01 -2.2562476506e-01 3.6183557202e+01 -0.328821% 2.8753504566e+01 5.7318533712e+01 -1.8847542026e-01 8.3535314070e-01 7.7189028856e-01 7.7171102083e-01 6.5756575124e-01 6.5719306294e-01 6.5606924569e-01 5.1043850837e-01 5.1015823601e-01 5.0931895805e-01 5.0792563204e-01 565 10 80
1.9054607180e+00 -0.105742% 2.8219035883e+01 5.6378456183e+01 -5.9615582575e-02 1.3707020219e+01 -0.338997% 3.1672263082e+01 6.3130515677e+01 -2.1401048642e-01 3.9414801215e+01 -0.304311% 2.8929114227e+01 5.7682693883e+01 -1.7553457221e-01 8.3498052235e-01 7.7143378604e-01 7.7123893185e-01 6.5720835630e-01 6.5685418489e-01 6.5578733914e-01 5.1083848274e-01 5.1057868669e-01 5.0980078654e-01 5.0850949717e-01 440 10 60
2.0892961309e+00 -0.119189% 2.8991758695e+01 5.7914489607e+01 -6.9027781691e-02 1.4992124220e+01 -0.320148% 3.1694398063e+01 6.3186505827e+01 -2.0229029915e-01 4.2952171163e+01 -0.281135% 2.9093040117e+01 5.8022957115e+01 -1.6312312001e-01 8.3462463367e-01 7.7099570012e-01 7.7078619885e-01 6.5688026680e-01 6.5654485855e-01 6.5553556393e-01 5.1121099695e-01 5.1097060589e-01 5.1025084494e-01 5.0905612907e-01 585 10 80
2.2908676528e+00 -0.132679% 2.9684892769e+01 5.9291118699e+01 -7.8666838415e-02 1.6397313438e+01 -0.301269% 3.1720197081e+01 6.3249842017e+01 -1.9055214425e-01 4.6826449645e+01 -0.259324% 2.9245505414e+01 5.8339721849e+01 -1.5128897834e-01 8.3428501871e-01 7.7057676956e-01 7.7035366287e-01 6.5658006876e-01 6.5626351007e-01 6.5531186633e-01 5.1155707375e-01 5.1133499635e-01 5.1067008374e-01 5.0956641525e-01 575 10 80
2.5118864315e+00 -0.145969% 3.0294753246e+01 6.0501193481e+01 -8.8313012045e-02 1.7934476957e+01 -0.282506% 3.1748932956e+01 6.3318985707e+01 -1.7888020622e-01 5.1071514526e+01 -0.238882% 2.9386860495e+01 5.8633655994e+01 -1.4006499554e-01 8.3396111556e-01 7.7017761018e-01 7.6994203575e-01 6.5630614482e-01 6.5600836855e-01 6.5511401751e-01 5.1187787794e-01 5.1167301918e-01 5.1105965966e-01 5.1004152511e-01 551 10 80
2.7542287033e+00 -0.158795% 3.0819990420e+01 6.1542254973e+01 -9.7725867311e-02 1.9616684733e+01 -0.264002% 3.1779967409e+01 6.3392576907e+01 -1.6735791061e-01 5.5724719224e+01 -0.219790% 2.9517428130e+01 5.8905388259e+01 -1.2946800181e-01 8.3365243071e-01 7.6979869650e-01 7.6955188288e-01 6.5605706248e-01 6.5577785338e-01 6.5493999790e-01 5.1217442828e-01 5.1198570450e-01 5.1142064224e-01 5.1048261011e-01 512 9 72
3.0199517204e+00 -0.170888% 3.1262028165e+01 6.2417392417e+01 -1.0666391250e-01 2.1458740671e+01 -0.245878% 3.1812329257e+01 6.3468602977e+01 -1.5605553761e-01 6.0826877504e+01 -0.202020% 2.9638019785e+01 5.9156531605e+01 -1.1950796583e-01 8.3335795937e-01 7.6944039571e-01 7.6918364516e-01 6.5583028694e-01 6.5556930100e-01 6.5478676590e-01 5.1244858920e-01 5.1227493799e-01 5.1175498510e-01 5.1089174924e-01 510 9 72
3.3113112148e+00 -0.181980% 3.1624549399e+01 6.3134207236e+01 -1.1489156212e-01 2.3476695490e+01 -0.228256% 3.1845410853e+01 6.3545774474e+01 -1.4504723305e-01 6.6423114089e+01 -0.185523% 2.9749099177e+01 5.9388020176e+01 -1.1017817772e-01 8.3307712356e-01 7.6910290318e-01 7.6883758898e-01 6.5562426252e-01 6.5538103005e-01 6.5465227303e-01 5.1270148949e-01 5.1254188131e-01 5.1206395189e-01 5.1127038537e-01 379 9 54
3.6307805477e+00 -0.191823% 3.1913585866e+01 6.3704970642e+01 -1.2220109042e-01 2.5688392280e+01 -0.211242% 3.1878541374e+01 6.3622684959e+01 -1.3439778935e-01 7.2562921144e+01 -0.170241% 2.9851298056e+01 5.9601130701e+01 -1.0146541081e-01 8.3280918733e-01 7.6878627180e-01 7.6851382340e-01 6.5543711692e-01 6.5521105948e-01 6.5453422383e-01 5.1293452412e-01 5.1278796859e-01 5.1234909646e-01 5.1162027816e-01 383 9 54
3.9810717055e+00 -0.200210% 3.2137043911e+01 6.4145662077e+01 -1.2842574482e-01 2.8113515737e+01 -0.194927% 3.1911116482e+01 6.3698068481e+01 -1.2416448325e-01 7.9300654886e+01 -0.156111% 2.9945259152e+01 5.9797168306e+01 -9.3349999215e-02 8.3255342966e-01 7.6849039893e-01 7.6821228852e-01 6.5526704427e-01 6.5505749018e-01 6.5443045235e-01 5.1314906890e-01 5.1301461953e-01 5.1261197182e-01 5.1194320673e-01 378 9 54
4.3651583224e+00 -0.206981% 3.2304160323e+01 6.4474870119e+01 -1.3345052730e-01 3.0773746890e+01 -0.179386% 3.1942613392e+01 6.3770830856e+01 -1.1439592802e-01 8.6695987480e+01 -0.143067% 3.0031616480e+01 5.9977425189e+01 -8.5807771041e-02 8.3230916197e-01 7.6821502385e-01 7.6793275168e-01 6.5511234348e-01 6.5491854454e-01 6.5433896500e-01 5.1334645746e-01 5.1322321461e-01 5.1285409994e-01 5.1224093085e-01 378 9 54
4.7863009232e+00 -0.212042% 3.2424862599e+01 6.4712507652e+01 -1.3721754584e-01 3.3692927411e+01 -0.164679% 3.1972601155e+01 6.3840071231e+01 -1.0513107903e-01 9.4814396499e+01 -0.131040% 3.0110980122e+01 6.0143148560e+01 -7.8811684367e-02 8.3207574096e-01 7.6795972856e-01 7.6767480738e-01 6.5497144471e-01 6.5479259379e-01 6.5425797015e-01 5.1352796477e-01 5.1341507717e-01 5.1307694964e-01 5.1251516237e-01 380 9 54
5.2480746025e+00 -0.215364% 3.2509101895e+01 6.4878478738e+01 -1.3972505123e-01 3.6897235673e+01 -0.150846% 3.2000745893e+01 6.3905093265e+01 -9.6398522134e-02 1.0372769564e+02 -0.119964% 3.0183925442e+01 6.0295517771e+01 -7.2333112754e-02 8.3185257699e-01 7.6772394306e-01 7.6743788187e-01 6.5484292475e-01 6.5467817383e-01 6.5418589463e-01 5.1369479630e-01 5.1359146150e-01 5.1328192178e-01 5.1276754585e-01 378 9 54
5.7543993734e+00 -0.216983% 3.2566234857e+01 6.4991449315e+01 -1.4102039800e-01 4.0415377675e+01 -0.137912% 3.2026810905e+01 6.3965405654e+01 -8.8216154824e-02 1.1351461142e+02 -0.109774% 3.0250986505e+01 6.0435630221e+01 -6.6342790138e-02 8.3163913874e-01 7.6750695588e-01 7.6722124336e-01 6.5472551233e-01 6.5457399031e-01 6.5412138770e-01 5.1384808213e-01 5.1375354630e-01 5.1347034072e-01 5.1299964707e-01 383 9 54
6.3095734448e+00 -0.216986% 3.2604524959e+01 6.5067861579e+01 -1.4118833930e-01 4.4278796455e+01 -0.125883% 3.2050651976e+01 6.4020712615e+01 -8.0591335665e-02 1.2426141171e+02 -0.100408% 3.0312653173e+01 6.0564494879e+01 -6.0811465943e-02 8.3143495472e-01 7.6730793017e-01 7.6702401807e-01 6.5461808497e-01 6.5447891456e-01 6.5406331406e-01 5.1398887511e-01 5.1390243242e-01 5.1364345078e-01 5.1321294764e-01 379 9 54
6.9183097092e+00 -0.215501% 3.2630814745e+01 6.5121292525e+01 -1.4033696629e-01 4.8521903992e+01 -0.114750% 3.2072208652e+01 6.4070895779e+01 -7.3521524852e-02 1.3606259342e+02 -0.091805% 3.0369371095e+01 6.0683031851e+01 -5.5710340007e-02 8.3123961252e-01 7.6712592481e-01 7.6684521178e-01 6.5451965954e-01 6.5439197259e-01 6.5401073784e-01 5.1411815203e-01 5.1403914359e-01 5.1380241613e-01 5.1340884363e-01 394 9 54
7.5857757503e+00 -0.212675% 3.2650390675e+01 6.5162197399e+01 -1.3858395054e-01 5.3182339667e+01 -0.104491% 3.2091492492e+01 6.4115989608e+01 -6.6995376158e-02 1.4902163696e+02 -0.083911% 3.0421543825e+01 6.0792076304e+01 -5.1011346219e-02 8.3105275631e-01 7.6695991962e-01 7.6668373562e-01 6.5442937871e-01 6.5431232939e-01 6.5396290030e-01 5.1423681662e-01 5.1416462935e-01 5.1394832297e-01 5.1358864674e-01 374 9 54
8.3176377110e+00 -0.208665% 3.2667028797e+01 6.5198012180e+01 -1.3604541477e-01 5.8301259191e+01 -0.095071% 3.2108573509e+01 6.4156152836e+01 -6.0994181328e-02 1.6325183617e+02 -0.076672% 3.0469536258e+01 6.0892385175e+01 -4.6687340483e-02 8.3087408323e-01 7.6680884276e-01 7.6653843453e-01 6.5434649521e-01 6.5423927064e-01 6.5391919381e-01 5.1434570394e-01 5.1427976900e-01 5.1408218283e-01 5.1375358662e-01 387 9 54
9.1201083936e+00 -0.203619% 3.2683074183e+01 6.5233321206e+01 -1.3282716034e-01 6.3923229316e+01 -0.086451% 3.2123697743e+01 6.4191900658e+01 -5.5494828779e-02 1.7887741695e+02 -0.070037% 3.0513532815e+01 6.0984353960e+01 -4.2711671019e-02 8.3070349134e-01 7.6667154920e-01 7.6640806870e-01 6.5427070740e-01 6.5417253408e-01 6.5387948081e-01 5.1444533438e-01 5.1438512560e-01 5.1420468605e-01 5.1390456360e-01 346 8 48
1.0000000000e+01 -0.197681% 3.2700138341e+01 6.5271247966e+01 -1.2902871557e-01 7.0098280077e+01 -0.078579% 3.2136740775e+01 6.4223015429e+01 -5.0466121014e-02 1.9603372646e+02 -0.063961% 3.0554132902e+01 6.1069205216e+01 -3.9060589130e-02 8.3054045638e-01 7.6654704456e-01 7.6629153172e-01 6.5420071874e-01 6.5411087196e-01 6.5384266509e-01 5.1453693526e-01 5.1448196693e-01 5.1431722124e-01 5.1404316558e-01 346 8 48
1.0964781961e+01 -0.190979% 3.2718739099e+01 6.5312744754e+01 -1.2473344384e-01 7.6879800820e+01 -0.071406% 3.2148003121e+01 6.4250127520e+01 -4.5878720817e-02 2.1486956178e+02 -0.058400% 3.0591457989e+01 6.1147206261e+01 -3.5709716552e-02 8.3038496410e-01 7.6643421088e-01 7.6618758893e-01 6.5413638696e-01 6.5405418890e-01 6.5380879601e-01 5.1462090139e-01 5.1457072637e-01 5.1442033692e-01 5.1417013120e-01 343 8 48
1.2022644346e+01 -0.183632% 3.2739000192e+01 6.5357982100e+01 -1.2001828426e-01 8.4326621106e+01 -0.064880% 3.2157658216e+01 6.4273615633e+01 -4.1700799215e-02 2.3554758121e+02 -0.053311% 3.0625757921e+01 6.1218879269e+01 -3.2636573783e-02 8.3023687292e-01 7.6633202172e-01 7.6609508689e-01 6.5407725859e-01 6.5400208041e-01 6.5377761903e-01 5.1469783850e-01 5.1465204583e-01 5.1451478308e-01 5.1428638890e-01 345 8 48
1.3182567386e+01 -0.175755% 3.2760753002e+01 6.5406550883e+01 -1.1495512115e-01 9.2503100630e+01 -0.058949% 3.2165879087e+01 6.4293857575e+01 -3.7900598661e-02 2.5824584127e+02 -0.048658% 3.0657264005e+01 6.1284708044e+01 -2.9819966598e-02 8.3009606400e-01 7.6623950701e-01 7.6601292203e-01 6.5402292138e-01 6.5395418211e-01 6.5374891569e-01 5.1476830855e-01 5.1472652107e-01 5.1460125642e-01 5.1439280222e-01 346 8 48
1.4454397707e+01 -0.167457% 3.2783683102e+01 6.5457752838e+01 -1.0961336595e-01 1.0147965980e+02 -0.053563% 3.2172833819e+01 6.4311220395e+01 -3.4447242981e-02 2.8315927101e+02 -0.044404% 3.0686190107e+01 6.1345140229e+01 -2.7239984858e-02 8.2996243534e-01 7.6615576096e-01 7.6594005076e-01 6.5397300009e-01 6.5391016453e-01 6.5372249523e-01 5.1483283104e-01 5.1479470300e-01 5.1468040172e-01 5.1449017104e-01 344 8 48
1.5848931925e+01 -0.158846% 3.2807422631e+01 6.5510783791e+01 -1.0406147069e-01 1.1133336618e+02 -0.048676% 3.2178681806e+01 6.4326052350e+01 -3.1311261569e-02 3.1050129115e+02 -0.040518% 3.0712734457e+01 6.1400590925e+01 -2.4877988381e-02 8.2983589434e-01 7.6607994622e-01 7.6587549593e-01 6.5392715125e-01 6.5386972711e-01 6.5369818684e-01 5.1489188625e-01 5.1485710095e-01 5.1475281508e-01 5.1457923506e-01 385 8 48
1.7378008287e+01 -0.150031% 3.2831602047e+01 6.5564836776e+01 -9.8367318900e-02 1.2214857871e+02 -0.044242% 3.2183571458e+01 6.4338678025e+01 -2.8464891119e-02 3.4050559538e+02 -0.036967% 3.0737081058e+01 6.1451445538e+01 -2.2716578185e-02 8.2971635038e-01 7.6601129478e-01 7.6581835027e-01 6.5388505910e-01 6.5383259393e-01 6.5367583459e-01 5.1494591803e-01 5.1491418553e-01 5.1481904718e-01 5.1466067735e-01 344 8 48
1.9054607180e+01 -0.141113% 3.2855758055e+01 6.5618919569e+01 -9.2596542130e-02 1.3401668012e+02 -0.040222% 3.2187780159e+01 6.4349677440e+01 -2.5882878536e-02 3.7342848356e+02 -0.033724% 3.0759248171e+01 6.1497757057e+01 -2.0739284632e-02 8.2960386505e-01 7.6594904312e-01 7.6576771529e-01 6.5384679780e-01 6.5379887516e-01 6.5365565682e-01 5.1499508082e-01 5.1496613586e-01 5.1487935078e-01 5.1473487270e-01 309 7 42
2.0892961309e+01 -0.132195% 3.2879823952e+01 6.5672831535e+01 -8.6816369393e-02 1.4704072307e+02 -0.036576% 3.2191141236e+01 6.4358742697e+01 -2.3539775306e-02 4.0954953963e+02 -0.030763% 3.0779708462e+01 6.1540485280e+01 -1.8931644851e-02 8.2949800695e-01 7.6589268578e-01 7.6572295308e-01 6.5381134720e-01 6.5376758583e-01 6.5363677389e-01 5.1504027941e-01 5.1501387925e-01 5.1493472069e-01 5.1480292758e-01 301 7 42
2.2908676528e+01 -0.123371% 3.2903409630e+01 6.5725732517e+01 -8.1086743564e-02 1.6133056659e+02 -0.033269% 3.2193912164e+01 6.4366410164e+01 -2.1414163535e-02 4.4917622314e+02 -0.028060% 3.0798450082e+01 6.1579620764e+01 -1.7279399822e-02 8.2939881519e-01 7.6584158414e-01 7.6568330483e-01 6.5377883992e-01 6.5373888866e-01 6.5361943851e-01 5.1508159591e-01 5.1505751861e-01 5.1498532191e-01 5.1486510990e-01 341 7 42
2.5118864315e+01 -0.114727% 3.2926288021e+01 6.5777111969e+01 -7.5464073242e-02 1.7700755834e+02 -0.030270% 3.2196193371e+01 6.4372901065e+01 -1.9485676637e-02 4.9264503847e+02 -0.025594% 3.0815607100e+01 6.1615444559e+01 -1.5769641143e-02 8.2930614511e-01 7.6579522023e-01 7.6564814243e-01 6.5374905238e-01 6.5371258838e-01 6.5360353986e-01 5.1511934812e-01 5.1509739075e-01 5.1503154811e-01 5.1492190756e-01 330 7 42
2.7542287033e+01 -0.106338% 3.2948277009e+01 6.5826555363e+01 -6.9998654337e-02 1.9420469398e+02 -0.027549% 3.2198070514e+01 6.4378405369e+01 -1.7735659692e-02 5.4032477112e+02 -0.023343% 3.0831306355e+01 6.1648222262e+01 -1.4390448124e-02 8.2921982366e-01 7.6575312973e-01 7.6561690491e-01 6.5372177149e-01 6.5368849794e-01 6.5358896833e-01 5.1515383317e-01 5.1513381020e-01 5.1507376596e-01 5.1497377364e-01 332 7 42
3.0199517204e+01 -0.098269% 3.2969236291e+01 6.5873739020e+01 -6.4733562313e-02 2.1306774944e+02 -0.025080% 3.2199617453e+01 6.4383087808e+01 -1.6147097464e-02 5.9261967069e+02 -0.021289% 3.0845665499e+01 6.1678200173e+01 -1.3130824263e-02 8.2913965037e-01 7.6571489628e-01 7.6558909458e-01 6.5369679954e-01 6.5366644356e-01 6.5357562134e-01 5.1518532498e-01 5.1516706686e-01 5.1511231311e-01 5.1502112497e-01 351 7 42
3.3113112148e+01 -0.090572% 3.2989065289e+01 6.5918426710e+01 -5.9703867507e-02 2.3375654346e+02 -0.022838% 3.2200896973e+01 6.4387089421e+01 -1.4704525438e-02 6.4997294111e+02 -0.019416% 3.0858793573e+01 6.1705606508e+01 -1.1980638882e-02 8.2906539727e-01 7.6568014697e-01 7.6556427367e-01 6.5367395299e-01 6.5364626380e-01 6.5356340300e-01 5.1521407591e-01 5.1519742771e-01 5.1514750032e-01 5.1506434492e-01 309 7 42
3.6307805477e+01 -0.083287% 3.3007700188e+01 6.5960464159e+01 -5.4936217539e-02 2.5644632333e+02 -0.020801% 3.2201961610e+01 6.4390529284e+01 -1.3393935957e-02 7.1287056978e+02 -0.017707% 3.0870791584e+01 6.1730652597e+01 -1.0930570118e-02 8.2899681043e-01 7.6564854803e-01 7.6554206050e-01 6.5365306143e-01 6.5362780864e-01 6.5355222377e-01 5.1524031835e-01 5.1522513855e-01 5.1517961350e-01 5.1510378592e-01 336 7 42
3.9810717055e+01 -0.076437% 3.3024997356e+01 6.5999546488e+01 -5.0448224474e-02 2.8132734922e+02 -0.018951% 3.2202987050e+01 6.4393771129e+01 -1.2202971008e-02 7.8184619776e+02 -0.016148% 3.0881610481e+01 6.1753249033e+01 -9.9719285982e-03 8.2893375921e-01 7.6561973823e-01 7.6552206319e-01 6.5363430572e-01 6.5361127752e-01 6.5354233818e-01 5.1526403000e-01 5.1525018936e-01 5.1520867941e-01 5.1513953575e-01 271 6 36
4.3651583224e+01 -0.070039% 3.3041185531e+01 6.6036119762e+01 -4.6251299562e-02 3.0861420711e+02 -0.017267% 3.2203736722e+01 6.4396353827e+01 -1.1119616863e-02 8.5748303077e+02 -0.014726% 3.0891629137e+01 6.1774161168e+01 -9.0971055692e-03 8.2887564873e-01 7.6559357725e-01 7.6550412479e-01 6.5361684303e-01 6.5359584574e-01 6.5353297528e-01 5.1528589230e-01 5.1527327280e-01 5.1523542430e-01 5.1517237644e-01 253 6 36
4.7863009232e+01 -0.064095% 3.3056171391e+01 6.6069995183e+01 -4.2347598003e-02 3.3853634195e+02 -0.015736% 3.2204373729e+01 6.4398613498e+01 -1.0133959433e-02 9.4042283791e+02 -0.013430% 3.0900781508e+01 6.1793264270e+01 -8.2987458936e-03 8.2882232040e-01 7.6556976194e-01 7.6548794129e-01 6.5360088415e-01 6.5358173999e-01 6.5352440879e-01 5.1530584383e-01 5.1529433779e-01 5.1525982795e-01 5.1520233903e-01 280 6 36
5.2480746025e+01 -0.058597% 3.3069991422e+01 6.6101249234e+01 -3.8733609142e-02 3.7134732395e+02 -0.014343% 3.2204924123e+01 6.4400611434e+01 -9.2368116765e-03 1.0313688544e+03 -0.012247% 3.0909136725e+01 6.1810703220e+01 -7.5702301541e-03 8.2877346374e-01 7.6554807424e-01 7.6547330521e-01 6.5358631357e-01 6.5356885974e-01 6.5351658268e-01 5.1532404302e-01 5.1531355215e-01 5.1528208645e-01 5.1522966648e-01 259 6 36
5.7543993734e+01 -0.053532% 3.3082699601e+01 6.6129998473e+01 -3.5400729490e-02 4.0732536077e+02 -0.013074% 3.2205404710e+01 6.4402389501e+01 -8.4199181404e-03 1.1310923825e+03 -0.011169% 3.0916762657e+01 6.1826619816e+01 -6.9054987168e-03 8.2872876262e-01 7.6552831971e-01 7.6546004214e-01 6.5357301438e-01 6.5355710200e-01 6.5350943516e-01 5.1534064199e-01 5.1533107666e-01 5.1530238639e-01 5.1525458830e-01 273 6 36
6.3095734448e+01 -0.048879% 3.3094359273e+01 6.6156382034e+01 -3.2336511519e-02 4.4677560680e+02 -0.011918% 3.2205828180e+01 6.4403980496e+01 -7.6758639107e-03 1.2404393736e+03 -0.010186% 3.0923721902e+01 6.1841144798e+01 -6.2990051737e-03 8.2868790537e-01 7.6551032291e-01 7.6544800376e-01 6.5356087822e-01 6.5354637125e-01 6.5350290883e-01 5.1535578040e-01 5.1534705884e-01 5.1532089894e-01 5.1527731493e-01 252 6 36
6.9183097092e+01 -0.044614% 3.3104922095e+01 6.6180318643e+01 -2.9525546789e-02 4.9002925087e+02 -0.010866% 3.2206342515e+01 6.4405686881e+01 -6.9981490748e-03 1.3603389535e+03 -0.009289% 3.0929920938e+01 6.1854096275e+01 -5.7456008179e-03 8.2865074359e-01 7.6549386367e-01 7.6543700192e-01 6.5355016225e-01 6.5353693630e-01 6.5349730711e-01 5.1536933560e-01 5.1536138328e-01 5.1533753031e-01 5.1529778852e-01 216 5 30
7.5857757503e+01 -0.040711% 3.3114695146e+01 6.6202438295e+01 -2.6951997465e-02 5.3746011401e+02 -0.009906% 3.2206674641e+01 6.4406968871e+01 -6.3804105773e-03 1.4918059764e+03 -0.008471% 3.0935719009e+01 6.1866197211e+01 -5.2408060332e-03 8.2861667694e-01 7.6547892218e-01 7.6542705047e-01 6.5354005030e-01 6.5352799224e-01 6.5349185850e-01 5.1538193302e-01 5.1537468198e-01 5.1535293217e-01 5.1531669342e-01 215 5 30
8.3176377110e+01 -0.037145% 3.3123635341e+01 6.6222672350e+01 -2.4598331164e-02 5.8946769822e+02 -0.009032% 3.2206964704e+01 6.4408112003e+01 -5.8174046756e-03 1.6359574568e+03 -0.007725% 3.0941016942e+01 6.1877253586e+01 -4.7802993809e-03 8.2858558307e-01 7.6546530973e-01 7.6541799605e-01 6.5353080643e-01 6.5351981290e-01 6.5348686599e-01 5.1539343435e-01 5.1538682264e-01 5.1536699025e-01 5.1533394537e-01 214 5 30
9.1201083936e+01 -0.033888% 3.3131803239e+01 6.6241159004e+01 -2.2447473531e-02 6.4649322823e+02 -0.008235% 3.2207225076e+01 6.4409145919e+01 -5.3042334459e-03 1.7940170078e+03 -0.007045% 3.0945850638e+01 6.1887341072e+01 -4.3602045100e-03 8.2855721631e-01 7.6545290379e-01 7.6540975063e-01 6.5352237328e-01 6.5351235009e-01 6.5348230852e-01 5.1540392343e-01 5.1539789458e-01 5.1537981032e-01 5.1534967745e-01 216 5 30
1.0000000000e+02 -0.030914% 3.3139262463e+01 6.6258041960e+01 -2.0482966524e-02 7.0902074275e+02 -0.007509% 3.2207459709e+01 6.4410082971e+01 -4.8364478214e-03 1.9673263148e+03 -0.006425% 3.0950260197e+01 6.1896543409e+01 -3.9769846753e-03 8.2853134145e-01 7.6544159650e-01 7.6540223945e-01 6.5351468102e-01 6.5350554231e-01 6.5347814945e-01 5.1541348867e-01 5.1540799122e-01 5.1539150077e-01 5.1536402297e-01 214 5 30
1.0964781961e+02 -0.028200% 3.3146072844e+01 6.6273456439e+01 -1.8689248360e-02 7.7758101676e+02 -0.006847% 3.2207671513e+01 6.4410933017e+01 -4.4100077404e-03 2.1573565560e+03 -0.005860% 3.0954282689e+01 6.1904937968e+01 -3.6274107774e-03 8.2850774144e-01 7.6543128998e-01 7.6539539574e-01 6.5350766480e-01 6.5349933233e-01 6.5347435425e-01 5.1542221144e-01 5.1541719848e-01 5.1540216116e-01 5.1537710421e-01 215 5 30
1.2022644346e+02 -0.025724% 3.3152174908e+01 6.6287298195e+01 -1.7051621531e-02 8.5274995307e+02 -0.006243% 3.2208003906e+01 6.4411986478e+01 -4.0213342158e-03 2.3657239352e+03 -0.005344% 3.0957791871e+01 6.1912275244e+01 -3.3084979656e-03 8.2848637817e-01 7.6542184453e-01 7.6538910881e-01 6.5350163913e-01 6.5349404151e-01 6.5347126473e-01 5.1542989777e-01 5.1542532653e-01 5.1541161413e-01 5.1538876448e-01 177 4 24
1.3182567386e+02 -0.023465% 3.3157845874e+01 6.6300134703e+01 -1.5557045393e-02 9.3517713146e+02 -0.005693% 3.2208180279e+01 6.4412693665e+01 -3.6668931555e-03 2.5941913438e+03 -0.004873% 3.0961136588e+01 6.1919255544e+01 -3.0176328583e-03 8.2846675008e-01 7.6541327665e-01 7.6538342148e-01 6.5349580849e-01 6.5348888085e-01 6.5346811131e-01 5.1543714854e-01 5.1543298006e-01 5.1542047570e-01 5.1539963872e-01 177 4 24
1.4454397707e+02 -0.021403% 3.3163033895e+01 6.6311874779e+01 -1.4193010241e-02 1.0255576325e+03 -0.005191% 3.2208326073e+01 6.4413308413e+01 -3.3437324778e-03 2.8447009078e+03 -0.004445% 3.0964202172e+01 6.1925652021e+01 -2.7523222483e-03 8.2844883378e-01 7.6540547327e-01 7.6537824518e-01 6.5349045557e-01 6.5348413872e-01 6.5346519932e-01 5.1544378478e-01 5.1543998353e-01 5.1542858066e-01 5.1540957889e-01 177 4 24
1.5848931925e+02 -0.019523% 3.3167769889e+01 6.6322591593e+01 -1.2948185595e-02 1.1246581023e+03 -0.004734% 3.2208456614e+01 6.4413864136e+01 -3.0490917575e-03 3.1193793766e+03 -0.004053% 3.0966999969e+01 6.1931489616e+01 -2.5103211995e-03 8.2843249222e-01 7.6539836010e-01 7.6537352791e-01 6.5348556968e-01 6.5347980969e-01 6.5346253894e-01 5.1544983916e-01 5.1544637274e-01 5.1543597424e-01 5.1541864590e-01 178 4 24
1.7378008287e+02 -0.017808% 3.3172091957e+01 6.6332371694e+01 -1.1812219574e-02 1.2333197401e+03 -0.004317% 3.2208574697e+01 6.4414368946e+01 -2.7804479485e-03 3.4205585227e+03 -0.003697% 3.0969552115e+01 6.1936814645e+01 -2.2895843578e-03 8.2841758827e-01 7.6539187526e-01 7.6536922814e-01 6.5348111303e-01 6.5347586070e-01 6.5346011143e-01 5.1545536072e-01 5.1545219962e-01 5.1544271693e-01 5.1542691454e-01 177 4 24
1.9054607180e+02 -0.016243% 3.3176035954e+01 6.6341296260e+01 -1.0775647144e-02 1.3524649709e+03 -0.003936% 3.2208681689e+01 6.4414827877e+01 -2.5355016618e-03 3.7507950687e+03 -0.003371% 3.0971880024e+01 6.1941671802e+01 -2.0882456268e-03 8.2840399561e-01 7.6538596298e-01 7.6536530866e-01 6.5347704821e-01 6.5347225875e-01 6.5345789676e-01 5.1546039618e-01 5.1545751348e-01 5.1544886589e-01 5.1543445497e-01 192 4 24
2.0892961309e+02 -0.014815% 3.3179634763e+01 6.6349439709e+01 -9.8298165508e-03 1.4831052219e+03 -0.003589% 3.2208778695e+01 6.4415245233e+01 -2.3121577749e-03 4.1128924047e+03 -0.003075% 3.0974003359e+01 6.1946102116e+01 -1.9046022945e-03 8.2839159888e-01 7.6538057256e-01 7.6536173567e-01 6.5347334085e-01 6.5346897340e-01 6.5345587638e-01 5.1546498834e-01 5.1546235950e-01 5.1545447340e-01 5.1544133134e-01 183 4 24
2.2908676528e+02 -0.013513% 3.3182918447e+01 6.6356870073e+01 -8.9668214476e-03 1.6263495028e+03 -0.003273% 3.2208866691e+01 6.4415624875e+01 -2.1085071799e-03 4.5099243880e+03 -0.002804% 3.0975940077e+01 6.1950143053e+01 -1.7371007750e-03 8.2838029287e-01 7.6537565780e-01 7.6535847841e-01 6.5346995951e-01 6.5346597684e-01 6.5345403327e-01 5.1546917625e-01 5.1546677889e-01 5.1545958718e-01 5.1544760219e-01 189 4 24
2.5118864315e+02 -0.012325% 3.3185826969e+01 6.6363474555e+01 -8.1793820037e-03 1.7834036857e+03 -0.002985% 3.2209063020e+01 6.4416203178e+01 -1.9228626590e-03 4.9452693851e+03 -0.002557% 3.0977561789e+01 6.1953539199e+01 -1.5843796298e-03 8.2837012682e-01 7.6537115920e-01 7.6535549149e-01 6.5346720517e-01 6.5346357328e-01 6.5345268130e-01 5.1547274718e-01 5.1547056083e-01 5.1546400208e-01 5.1545307183e-01 138 3 18
2.7542287033e+02 -0.011242% 3.3188546842e+01 6.6369632679e+01 -7.4610048520e-03 1.9556188624e+03 -0.002722% 3.2209149663e+01 6.4416545793e+01 -1.7535343033e-03 5.4226078369e+03 -0.002332% 3.0979159766e+01 6.1956874504e+01 -1.4450274667e-03 8.2836073661e-01 7.6536706247e-01 7.6535277341e-01 6.5346442505e-01 6.5346111306e-01 6.5345118018e-01 5.1547620956e-01 5.1547421571e-01 5.1546823441e-01 5.1545826639e-01 140 3 18
3.0199517204e+02 -0.010253% 3.3191045530e+01 6.6375285432e+01 -6.8056276935e-03 2.1444513453e+03 -0.002482% 3.2209208567e+01 6.4416818012e+01 -1.5991223437e-03 5.9459984661e+03 -0.002127% 3.0980638456e+01 6.1959958982e+01 -1.3179296353e-03 8.2835215092e-01 7.6536333686e-01 7.6535030511e-01 6.5346183917e-01 6.5345881889e-01 6.5344976060e-01 5.1547940196e-01 5.1547758365e-01 5.1547212891e-01 5.1546303838e-01 146 3 18
3.3113112148e+02 -0.009352% 3.3193328351e+01 6.6380448971e+01 -6.2077323544e-03 2.3515025674e+03 -0.002264% 3.2209258381e+01 6.4417058445e+01 -1.4583161025e-03 6.5198848646e+03 -0.001940% 3.0981991004e+01 6.1962780001e+01 -1.2020071591e-03 8.2834431668e-01 7.6535994167e-01 7.6534805660e-01 6.5345947154e-01 6.5345671725e-01 6.5344845650e-01 5.1548231966e-01 5.1548066143e-01 5.1547568689e-01 5.1546739657e-01 143 3 18
3.6307805477e+02 -0.008529% 3.3195411526e+01 6.6385160762e+01 -5.6622901862e-03 2.5785298702e+03 -0.002065% 3.2209302943e+01 6.4417275970e+01 -1.3299160411e-03 7.1491388596e+03 -0.001769% 3.0983225337e+01 6.1965354397e+01 -1.0962777484e-03 8.2833717102e-01 7.6535684613e-01 7.6534600684e-01 6.5345731046e-01 6.5345479872e-01 6.5344726525e-01 5.1548498172e-01 5.1548346946e-01 5.1547893282e-01 5.1547137224e-01 141 3 18
3.9810717055e+02 -0.007779% 3.3197312031e+01 6.6389459350e+01 -5.1647116058e-03 2.8274604316e+03 -0.001883% 3.2209343298e+01 6.4417473769e+01 -1.2128278776e-03 7.8391022274e+03 -0.001613% 3.0984351267e+01 6.1967702688e+01 -9.9984562891e-04 8.2833065394e-01 7.6535402350e-01 7.6534413797e-01 6.5345533917e-01 6.5345304859e-01 6.5344617834e-01 5.1548740969e-01 5.1548603055e-01 5.1548189325e-01 5.1547499815e-01 138 3 18
4.3651583224e+02 -0.007095% 3.3199045763e+01 6.6393380719e+01 -4.7108068007e-03 3.1004074191e+03 -0.001717% 3.2209379944e+01 6.4417653834e+01 -1.1060539486e-03 8.5956320949e+03 -0.001472% 3.0985378213e+01 6.1969844533e+01 -9.1189370118e-04 8.2832471024e-01 7.6535144962e-01 7.6534243392e-01 6.5345354121e-01 6.5345145232e-01 6.5344518687e-01 5.1548962401e-01 5.1548836627e-01 5.1548459314e-01 5.1547830494e-01 138 3 18
4.7863009232e+02 -0.006471% 3.3200627308e+01 6.6396957864e+01 -4.2967510272e-03 3.3996878867e+03 -0.001566% 3.2209413247e+01 6.4417817810e+01 -1.0086847455e-03 9.4251506717e+03 -0.001342% 3.0986314856e+01 6.1971798036e+01 -8.3167660606e-04 8.2831928951e-01 7.6534910254e-01 7.6534088013e-01 6.5345190139e-01 6.5344999642e-01 6.5344428251e-01 5.1549164346e-01 5.1549049642e-01 5.1548705541e-01 5.1548132066e-01 139 3 18
5.2480746025e+02 -0.005902% 3.3202069993e+01 6.6400220933e+01 -3.9190530541e-03 3.7278424363e+03 -0.001428% 3.2209443526e+01 6.4417967160e+01 -9.1989111476e-04 1.0334699770e+04 -0.001224% 3.0987169129e+01 6.1973579744e+01 -7.5851443340e-04 8.2831434573e-01 7.6534696224e-01 7.6533946333e-01 6.5345040582e-01 6.5344866856e-01 6.5344345761e-01 5.1549348518e-01 5.1549243911e-01 5.1548930096e-01 5.1548407094e-01 138 3 18
5.7543993734e+02 -0.005383% 3.3203385986e+01 6.6403197446e+01 -3.5745263169e-03 4.0876567836e+03 -0.001302% 3.2209471061e+01 6.4418103205e+01 -8.3891713248e-04 1.1332000586e+04 -0.001116% 3.0987948272e+01 6.1975204757e+01 -6.9178698466e-04 8.2830983693e-01 7.6534501048e-01 7.6533817140e-01 6.5344904181e-01 6.5344745749e-01 6.5344270522e-01 5.1549516483e-01 5.1549421083e-01 5.1549134888e-01 5.1548657916e-01 139 3 18
6.3095734448e+02 -0.004910% 3.3204534594e+01 6.6405808817e+01 -3.2603705583e-03 4.4821695361e+03 -0.001188% 3.2209571777e+01 6.4418378323e+01 -7.6522984910e-04 1.2425540688e+04 -0.001019% 3.0988543931e+01 6.1976456555e+01 -6.3130696432e-04 8.2830585360e-01 7.6534326000e-01 7.6533702247e-01 6.5344804670e-01 6.5344660160e-01 6.5344226688e-01 5.1549649009e-01 5.1549561961e-01 5.1549300821e-01 5.1548865604e-01 102 2 12
6.9183097092e+02 -0.004478% 3.3205607534e+01 6.6408241367e+01 -2.9737004947e-03 4.9147535577e+03 -0.001083% 3.2209619916e+01 6.4418541954e+01 -6.9787833124e-04 1.3624563750e+04 -0.000929% 3.0989166262e+01 6.1977756754e+01 -5.7576938698e-04 8.2830212819e-01 7.6534162180e-01 7.6533593312e-01 6.5344697417e-01 6.5344565627e-01 6.5344170306e-01 5.1549784554e-01 5.1549705167e-01 5.1549467009e-01 5.1549070093e-01 101 2 12
7.5857757503e+02 -0.004084% 3.3206603294e+01 6.6410494365e+01 -2.7122236478e-03 5.3890782899e+03 -0.000988% 3.2209642588e+01 6.4418648723e+01 -6.3645374860e-04 1.4939263322e+04 -0.000847% 3.0989758261e+01 6.1978991405e+01 -5.2511584186e-04 8.2829870616e-01 7.6534013489e-01 7.6533494674e-01 6.5344593932e-01 6.5344473743e-01 6.5344113216e-01 5.1549912266e-01 5.1549839865e-01 5.1549622668e-01 5.1549260682e-01 101 2 12
8.3176377110e+02 -0.003725% 3.3207517909e+01 6.6412562091e+01 -2.4737258672e-03 5.9091672983e+03 -0.000901% 3.2209655936e+01 6.4418731436e+01 -5.8043627188e-04 1.6380802087e+04 -0.000773% 3.0990305975e+01 6.1980133033e+01 -4.7891822492e-04 8.2829557727e-01 7.6533878254e-01 7.6533405090e-01 6.5344497705e-01 6.5344388095e-01 6.5344059298e-01 5.1550030016e-01 5.1549963987e-01 5.1549765904e-01 5.1549435775e-01 101 2 12
9.1201083936e+02 -0.003397% 3.3208354254e+01 6.6414452318e+01 -2.2561888434e-03 6.4794343945e+03 -0.000822% 3.2209665696e+01 6.4418802042e+01 -5.2935025785e-04 1.7961417737e+04 -0.000705% 3.0990808017e+01 6.1981179249e+01 -4.3678442596e-04 8.2829272110e-01 7.6533755053e-01 7.6533323523e-01 6.5344409347e-01 6.5344309385e-01 6.5344009526e-01 5.1550137812e-01 5.1550077595e-01 5.1549896944e-01 5.1549595867e-01 101 2 12
1.0000000000e+03 -0.003098% 3.3209117777e+01 6.6416177783e+01 -2.0577720172e-03 7.1047201434e+03 -0.000749% 3.2209673801e+01 6.4418864840e+01 -4.8276152930e-04 1.9694528297e+04 -0.000643% 3.0991266704e+01 6.1982135051e+01 -3.9835699130e-04 8.2829011541e-01 7.6533642742e-01 7.6533249182e-01 6.5344328570e-01 6.5344237406e-01 6.5343963937e-01 5.1550236254e-01 5.1550181336e-01 5.1550016583e-01 5.1549742002e-01 100 2 12
