1.0000000000e-03 -0.002339% 3.2802960761e-02 6.5604387346e-02 -1.5341765342e-06 5.8323999742e-03 -0.005458% 2.3220369653e-01 4.6438204528e-01 -2.5347772737e-05 3.2876167929e-02 0.059143% 5.0555075383e-01 1.0116998589e+00 5.9835125440e-04 8.6676272789e-01 8.0017477360e-01 8.0013946634e-01 7.0302362546e-01 7.0298461452e-01 7.0286808094e-01 4.5907580829e-01 4.5923817629e-01 4.5972367341e-01 4.6052752089e-01 2076 5 166
1.0964781961e-03 -0.002505% 3.5991489518e-02 7.1981175633e-02 -1.8034023811e-06 6.4090693207e-03 -0.005689% 2.5465737040e-01 5.0928576811e-01 -2.8972691351e-05 3.6024237663e-02 0.062990% 5.5406895717e-01 1.1088363657e+00 6.9845138981e-04 8.6666020149e-01 8.0012335572e-01 8.0008555031e-01 7.0283407870e-01 7.0279349706e-01 7.0267230242e-01 4.5921049632e-01 4.5938304720e-01 4.5989889027e-01 4.6075264662e-01 1206 3 111
1.2022644346e-03 -0.002683% 3.9491691612e-02 7.8981264271e-02 -2.1189536213e-06 7.0438365094e-03 -0.005914% 2.7928332558e-01 5.5853361728e-01 -3.3033878721e-05 3.9471540153e-02 0.067044% 6.0720189833e-01 1.2152185247e+00 8.1472800056e-04 8.6655008876e-01 8.0006786665e-01 8.0002740783e-01 7.0263036850e-01 7.0258826537e-01 7.0246256006e-01 4.5935622462e-01 4.5953943873e-01 4.6008704703e-01 4.6099300671e-01 1350 3 120
1.3182567386e-03 -0.002871% 4.3334298518e-02 8.6666108441e-02 -2.4885943389e-06 7.7427290456e-03 -0.006132% 3.0629142074e-01 6.1254527924e-01 -3.7562231921e-05 4.3246102501e-02 0.071313% 6.6537863891e-01 1.3317069517e+00 9.4967384475e-04 8.6643188803e-01 8.0000799940e-01 7.9996472500e-01 7.0241155079e-01 7.0236799626e-01 7.0223799277e-01 4.5951383421e-01 4.5970819487e-01 4.6028899509e-01 4.6124945980e-01 1267 3 117
1.4454397707e-03 -0.003072% 4.7553107723e-02 9.5103294103e-02 -2.9213433562e-06 8.5124256271e-03 -0.006339% 3.3591161775e-01 6.7178065118e-01 -4.2584316680e-05 4.7378499025e-02 0.075803% 7.2906586232e-01 1.4592378654e+00 1.1061407819e-03 8.6630507201e-01 7.9994342558e-01 7.9989716660e-01 7.0217663414e-01 7.0213172185e-01 7.0199770275e-01 4.5968422004e-01 4.5989021077e-01 4.6050562864e-01 4.6152289352e-01 1337 3 117
1.5848931925e-03 -0.003284% 5.2185291777e-02 1.0436715589e-01 -3.4276644044e-06 9.3603295762e-03 -0.006531% 3.6839584692e-01 7.3674357425e-01 -4.8119579642e-05 5.1902068364e-02 0.080521% 7.9877065047e-01 1.5988286861e+00 1.2873851488e-03 8.6616908830e-01 7.9987379447e-01 7.9982437526e-01 7.0192458112e-01 7.0187843128e-01 7.0174075801e-01 4.5986833209e-01 4.6008643326e-01 4.6073788353e-01 4.6181422068e-01 1409 3 114
1.7378008287e-03 -0.003509% 5.7271738795e-02 1.1453945791e-01 -4.0196820680e-06 1.0294650982e-02 -0.006705% 4.0402003004e-01 8.0798588322e-01 -5.4176865962e-05 5.6853146305e-02 0.085472% 8.7504335369e-01 1.7515838264e+00 1.4971190415e-03 8.6602335927e-01 7.9979873176e-01 7.9974597026e-01 7.0165430875e-01 7.0160707128e-01 7.0146619322e-01 4.6006717687e-01 4.6029786192e-01 4.6098673727e-01 4.6212437772e-01 1212 3 114
1.9054607180e-03 -0.003748% 6.2857426763e-02 1.2571014210e-01 -4.7114295093e-06 1.1324498251e-02 -0.006856% 4.4308626605e-01 8.8611178230e-01 -6.0749806674e-05 6.2271315066e-02 0.090664% 9.5848051394e-01 1.9187005939e+00 1.7395660320e-03 8.6586728260e-01 7.9971783828e-01 7.9966154641e-01 7.0136469022e-01 7.0131654802e-01 7.0117301213e-01 4.6028181806e-01 4.6052554935e-01 4.6125320798e-01 4.6245432153e-01 1228 3 114
2.0892961309e-03 -0.004000% 6.8991835169e-02 1.3797815121e-01 -5.5191241641e-06 1.2459980249e-02 -0.006978% 4.8592518851e-01 9.7178256601e-01 -6.7811015805e-05 6.8199669729e-02 0.096100% 1.0497278092e+00 2.1014751404e+00 2.0195218803e-03 8.6570023206e-01 7.9963068897e-01 7.9957067311e-01 7.0105455736e-01 7.0100572974e-01 7.0086019038e-01 4.6051337685e-01 4.6077060092e-01 4.6153835268e-01 4.6280502555e-01 1240 3 111
2.2908676528e-03 -0.004266% 7.5729397293e-02 1.5145233311e-01 -6.4614807319e-06 1.3712320192e-02 -0.007066% 5.3289850028e-01 1.0657216958e+00 -7.5304759441e-05 7.4685102124e-02 0.101786% 1.1494829707e+00 2.3013083623e+00 2.3424208371e-03 8.6552155847e-01 7.9953683159e-01 7.9947289325e-01 7.0072270347e-01 7.0067344960e-01 7.0052667861e-01 4.6076303173e-01 4.6103417421e-01 4.6184326549e-01 4.6317747621e-01 1199 3 108
2.5118864315e-03 -0.004547% 8.3130004049e-02 1.6625244804e-01 -7.5600630015e-06 1.5093986108e-02 -0.007114% 5.8440172606e-01 1.1687203137e+00 -8.3138458848e-05 8.1778599256e-02 0.107727% 1.2584987625e+00 2.5197119414e+00 2.7144163391e-03 8.6533058202e-01 7.9943578259e-01 7.9936771915e-01 7.0036786996e-01 7.0031849196e-01 7.0017138745e-01 4.6103202934e-01 4.6131749029e-01 4.6216909058e-01 4.6357268861e-01 1506 4 144
2.7542287033e-03 -0.004843% 9.1259520863e-02 1.8251020207e-01 -8.8396606689e-06 1.6618818449e-02 -0.007113% 6.4086696923e-01 1.2816427700e+00 -9.1168496486e-05 8.9535575835e-02 0.113925% 1.3775850610e+00 2.7583125414e+00 3.1424193871e-03 8.6512662904e-01 7.9932703771e-01 7.9925464351e-01 6.9998881836e-01 6.9993966599e-01 6.9979326588e-01 4.6132163809e-01 4.6162178302e-01 4.6251695832e-01 4.6399162167e-01 1636 4 148
3.0199517204e-03 -0.005155% 1.0019042100e-01 2.0037051327e-01 -1.0328726102e-05 1.8302205104e-02 -0.007058% 7.0276617410e-01 1.4054331584e+00 -9.9189858048e-05 9.8016195323e-02 0.120384% 1.5076120224e+00 3.0188582742e+00 3.6342293604e-03 8.6490898569e-01 7.9921005459e-01 7.9913312214e-01 6.9958424329e-01 6.9953571613e-01 6.9939120427e-01 4.6163320742e-01 4.6194836340e-01 4.6288806519e-01 4.6443528338e-01 1388 4 132
3.3113112148e-03 -0.005482% 1.1000241473e-01 2.1999276961e-01 -1.2059849847e-05 2.0161243973e-02 -0.006938% 7.7061425431e-01 1.5411215921e+00 -1.0691649500e-04 1.0728573741e-01 0.127106% 1.6495116043e+00 3.3032217936e+00 4.1985850223e-03 8.6467693168e-01 7.9908426258e-01 7.9900258394e-01 6.9915283940e-01 6.9910539027e-01 6.9896410615e-01 4.6196812451e-01 4.6229857238e-01 4.6328361488e-01 4.6490465330e-01 1472 4 136
3.6307805477e-03 -0.005825% 1.2078316545e-01 2.4155226063e-01 -1.4070265385e-05 2.2214937703e-02 -0.006744% 8.4497251164e-01 1.6898310627e+00 -1.1396056647e-04 1.1741496922e-01 0.134091% 1.8042791388e+00 3.6134035329e+00 4.8452553107e-03 8.6442973696e-01 7.9894905935e-01 7.9886242788e-01 6.9869329728e-01 6.9864743506e-01 6.9851088166e-01 4.6232781808e-01 4.6267378511e-01 4.6370482390e-01 4.6540069056e-01 1365 4 132
3.9810717055e-03 -0.006184% 1.3262906525e-01 2.6524172810e-01 -1.6402408119e-05 2.4484406272e-02 -0.006466% 9.2645216554e-01 1.8527845241e+00 -1.1980695085e-04 1.2848053718e-01 0.141341% 1.9729741125e+00 3.9515333487e+00 5.5851236485e-03 8.6416666628e-01 7.9880381082e-01 7.9871202315e-01 6.9820431489e-01 6.9816060677e-01 6.9803045682e-01 4.6271375113e-01 4.6307540337e-01 4.6415291343e-01 4.6592432491e-01 1310 4 124
4.3651583224e-03 -0.006559% 1.4564607788e-01 2.9127305129e-01 -1.9104462072e-05 2.6993120961e-02 -0.006094% 1.0157179790e+00 2.0313121757e+00 -1.2378236665e-04 1.4056537561e-01 0.148853% 2.1567200487e+00 4.3198703653e+00 6.4302679514e-03 8.6388698438e-01 7.9864785110e-01 7.9855070963e-01 6.9768461135e-01 6.9764368445e-01 6.9752178487e-01 4.6312741188e-01 4.6350484634e-01 4.6462909937e-01 4.6647644599e-01 1372 4 128
4.7863009232e-03 -0.006950% 1.5995065154e-01 3.1987907202e-01 -2.2231052684e-05 2.9767161212e-02 -0.005614% 1.1134919270e+00 2.2268588355e+00 -1.2501860132e-04 1.5375912913e-01 0.156627% 2.3567032546e+00 4.7208005449e+00 7.3940356500e-03 8.6358996271e-01 7.9848048283e-01 7.9837779815e-01 6.9713294193e-01 6.9709548420e-01 6.9698385816e-01 4.6357030308e-01 4.6396353983e-01 4.6513458163e-01 4.6705789276e-01 1273 4 124
5.2480746025e-03 -0.007356% 1.7567070669e-01 3.5131556958e-01 -2.5843792767e-05 3.2835495541e-02 -0.005015% 1.2205568619e+00 2.4409913152e+00 -1.2240854129e-04 1.6815859200e-01 0.164657% 2.5741701895e+00 5.1568314823e+00 8.4911032925e-03 8.6327488662e-01 7.9830097812e-01 7.9819257222e-01 6.9654811704e-01 6.9651487718e-01 6.9641572355e-01 4.6404392845e-01 4.6445290263e-01 4.6567053010e-01 4.6766943921e-01 1271 4 124
5.7543993734e-03 -0.007778% 1.9294670212e-01 3.8586339227e-01 -3.0011960195e-05 3.6230289107e-02 -0.004282% 1.3377600937e+00 2.6754056323e+00 -1.1455510457e-04 1.8386815752e-01 0.172940% 2.8104232020e+00 5.6305839338e+00 9.7375298004e-03 8.6294106235e-01 7.9810857940e-01 7.9799428902e-01 6.9592901924e-01 6.9590080530e-01 6.9581649433e-01 4.6454977860e-01 4.6497433301e-01 4.6623807299e-01 4.6831178555e-01 1278 4 116
6.3095734448e-03 -0.008214% 2.1193277585e-01 4.2383073861e-01 -3.4813084200e-05 3.9987235380e-02 -0.003401% 1.4660167647e+00 2.9319338191e+00 -9.9710351578e-05 2.0100028247e-01 0.181467% 3.0668141903e+00 6.1447791489e+00 1.1150768424e-02 8.6258782794e-01 7.9790250234e-01 7.9778218288e-01 6.9527462834e-01 6.9525230524e-01 6.9518537078e-01 4.6508931213e-01 4.6552918970e-01 4.6683827749e-01 4.6898553854e-01 1280 4 120
6.9183097092e-03 -0.008664% 2.3279796557e-01 4.6555559763e-01 -4.0333519873e-05 4.4145915206e-02 -0.002357% 1.6063129070e+00 3.2125501081e+00 -7.5705927923e-05 2.1967595798e-01 0.190230% 3.3447359573e+00 6.7022215788e+00 1.2749664237e-02 8.6221456230e-01 7.9768193750e-01 7.9755546712e-01 6.9458404422e-01 6.9456852947e-01 6.9452165647e-01 4.6566393559e-01 4.6611877293e-01 4.6747213385e-01 4.6969120035e-01 1176 4 116
7.5857757503e-03 -0.009126% 2.5572751039e-01 5.1140835186e-01 -4.6668914107e-05 4.8750183269e-02 -0.001133% 1.7597080489e+00 3.5193762257e+00 -3.9872076925e-05 2.4002519301e-01 0.199218% 3.6456108890e+00 7.3057761706e+00 1.4554392624e-02 8.6182069648e-01 7.9744605454e-01 7.9731333886e-01 6.9385651240e-01 6.9384877032e-01 6.9382477769e-01 4.6627498193e-01 4.6674430337e-01 4.6814053583e-01 4.7042915127e-01 1160 4 116
8.3176377110e-03 -0.009599% 2.8092423777e-01 5.6179455113e-01 -5.3924410571e-05 5.3848586436e-02 0.000287% 1.9273372013e+00 3.8546854614e+00 1.1058873188e-05 2.6218748870e-01 0.208414% 3.9708768455e+00 7.9583399606e+00 1.6586269644e-02 8.6140572009e-01 7.9719400395e-01 7.9705498130e-01 6.9309144014e-01 6.9309247485e-01 6.9309429522e-01 4.6692370360e-01 4.6740691402e-01 4.6884426891e-01 4.7119963181e-01 1153 5 125
9.1201083936e-03 -0.010081% 3.0861004973e-01 6.1715788402e-01 -6.2215440085e-05 5.9494813641e-02 0.001920% 2.1104121321e+00 4.2209052876e+00 8.1023428163e-05 2.8631237238e-01 0.217806% 4.3219696135e+00 8.6628073150e+00 1.8868088036e-02 8.6096918980e-01 7.9692492481e-01 7.9677957030e-01 6.9228842343e-01 6.9229926487e-01 6.9232990361e-01 4.6761119647e-01 4.6810759033e-01 4.6958399786e-01 4.7200280577e-01 1311 5 130
1.0000000000e-02 -0.010571% 3.3902720673e-01 6.7798274711e-01 -7.1666336531e-05 6.5748049985e-02 0.003783% 2.3102202057e+00 4.6206152283e+00 1.7481688726e-04 3.1255992375e-01 0.227368% 4.7002974898e+00 9.4220176192e+00 2.1422639723e-02 8.6051080570e-01 7.9663796555e-01 7.9648629854e-01 6.9144738664e-01 6.9146908620e-01 6.9153160958e-01 4.6833839335e-01 4.6884713082e-01 4.7036013057e-01 4.7283846866e-01 1161 5 125
1.0964781961e-02 -0.011065% 3.7244025561e-01 7.4479810007e-01 -8.2411156251e-05 7.2673621740e-02 0.005896% 2.5281246183e+00 5.0565473726e+00 2.9813590608e-04 3.4110122318e-01 0.237077% 5.1072219075e+00 1.0238717504e+01 2.4273689137e-02 8.6003031566e-01 7.9633226173e-01 7.9617435036e-01 6.9056841247e-01 6.9060202350e-01 6.9069950203e-01 4.6910607562e-01 4.6962619886e-01 4.7117298754e-01 4.7370640498e-01 972 5 108
1.2022644346e-02 -0.011561% 4.0913743116e-01 8.1818027013e-01 -9.4592181144e-05 8.0343384499e-02 0.008275% 2.7655601877e+00 5.5315781337e+00 4.5775823240e-04 3.7211897250e-01 0.246906% 5.5440233952e+00 1.1115491553e+01 2.7444762416e-02 8.5952760366e-01 7.9600696812e-01 7.9584293545e-01 6.8965190897e-01 6.8969847231e-01 6.8983393940e-01 4.6991479241e-01 4.7044522323e-01 4.7202264763e-01 4.7460614540e-01 1224 5 125
1.3182567386e-02 -0.012056% 4.4943235540e-01 8.9875635224e-01 -1.0835854921e-04 8.8836249654e-02 0.010939% 3.0240282979e+00 6.0487182720e+00 6.6167616535e-04 4.0580804844e-01 0.256818% 6.0118682078e+00 1.2054695061e+01 3.0958645016e-02 8.5900268574e-01 7.9566126171e-01 7.9549129162e-01 6.8869860539e-01 6.8875913161e-01 6.8893553273e-01 4.7076484433e-01 4.7130438804e-01 4.7290895559e-01 4.7553700183e-01 1272 5 134
1.4454397707e-02 -0.012547% 4.9366573853e-01 9.8720761288e-01 -1.2386419028e-04 9.8238702892e-02 0.013905% 3.3050893288e+00 6.6110978993e+00 9.1924175876e-04 4.4237613811e-01 0.266776% 6.5117700970e+00 1.3058376801e+01 3.4836607366e-02 8.5845572291e-01 7.9529435578e-01 7.9511869855e-01 6.8770957537e-01 6.8778502536e-01 6.8800516262e-01 4.7165625170e-01 4.7220360351e-01 4.7383150041e-01 4.7649805667e-01 1217 5 125
1.5848931925e-02 -0.013029% 5.4220706592e-01 1.0842728668e+00 -1.4126503170e-04 1.0864531492e-01 0.017188% 3.6103521625e+00 7.2219456338e+00 1.2413089095e-03 4.8204442471e-01 0.276734% 7.0445478939e+00 1.4128193249e+01 3.9097461302e-02 8.5788703402e-01 7.9490551226e-01 7.9472448971e-01 6.8668626030e-01 6.8677752455e-01 6.8704399745e-01 4.7258872352e-01 4.7314247753e-01 4.7478959383e-01 4.7748815189e-01 931 5 101
1.7378008287e-02 -0.013497% 5.9545630783e-01 1.1907519012e+00 -1.6071445895e-04 1.2015925808e-01 0.020805% 3.9414606697e+00 7.8845617080e+00 1.6403685376e-03 5.2504836495e-01 0.286639% 7.6107801544e+00 1.5265316718e+01 4.3756409049e-02 8.5729710405e-01 7.9449405547e-01 7.9430806628e-01 6.8563048295e-01 6.8573836019e-01 6.8605350470e-01 4.7356163454e-01 4.7412029456e-01 4.7578225470e-01 4.7850588107e-01 1037 5 110
1.9054607180e-02 -0.013947% 6.5384583167e-01 1.3075093039e+00 -1.8235944901e-04 1.3289293424e-01 0.024768% 4.3000774652e+00 8.6022855809e+00 2.1306505184e-03 5.7163841496e-01 0.296436% 8.2107617897e+00 1.6470347585e+01 4.8824005549e-02 8.5668655699e-01 7.9405937445e-01 7.9386889737e-01 6.8454438326e-01 6.8466955810e-01 6.8503538272e-01 4.7457405743e-01 4.7513605279e-01 4.7680826030e-01 4.7954966266e-01 1157 6 126
2.0892961309e-02 -0.014374% 7.1784116243e-01 1.4354759915e+00 -2.0633340966e-04 1.4696800503e-01 0.029091% 4.6878596811e+00 9.3784476040e+00 2.7282417531e-03 6.2208163530e-01 0.306055% 8.8444371039e+00 1.7743178060e+01 5.4303852285e-02 8.5605630431e-01 7.9360098997e-01 7.9340658685e-01 6.8343070530e-01 6.8357372877e-01 6.8399185900e-01 4.7562453083e-01 4.7618822526e-01 4.7786588709e-01 4.8061744782e-01 889 6 108
2.2908676528e-02 -0.014772% 7.8794384049e-01 1.5756549323e+00 -2.3274870784e-04 1.6251650661e-01 0.033780% 5.1064389092e+00 1.0216328898e+01 3.4510791838e-03 6.7666220092e-01 0.315424% 9.5113747210e+00 1.9082941624e+01 6.0192182273e-02 8.5540734884e-01 7.9311850174e-01 7.9292081937e-01 6.8229239702e-01 6.8245366520e-01 6.8292528213e-01 4.7671134488e-01 4.7727505945e-01 4.7895325139e-01 4.8170712622e-01 928 6 114
2.5118864315e-02 -0.015134% 8.6469221515e-01 1.7291227433e+00 -2.6168701439e-04 1.7968092490e-01 0.038843% 5.5573891609e+00 1.1119097258e+01 4.3189363534e-03 7.3568328640e-01 0.324463% 1.0210705533e+01 2.0487886669e+01 6.6475601838e-02 8.5474090625e-01 7.9261164357e-01 7.9241141410e-01 6.8113283943e-01 6.8131257532e-01 6.8183836351e-01 4.7783235393e-01 4.7839438438e-01 4.8006810017e-01 4.8281629094e-01 1120 6 126
2.7542287033e-02 -0.015455% 9.4866316793e-01 1.8970331475e+00 -2.9318838597e-04 1.9861474479e-01 0.044280% 6.0421946087e+00 1.2089742540e+01 5.3533227279e-03 7.9946880893e-01 0.333084% 1.0941082553e+01 2.1955294608e+01 7.3129502315e-02 8.5405837807e-01 7.9208029624e-01 7.9187833567e-01 6.7995577320e-01 6.8015401167e-01 6.8073411547e-01 4.7898501716e-01 4.7954365290e-01 4.8120785824e-01 4.8394229371e-01 1063 6 120
3.0199517204e-02 -0.015728% 1.0404736094e+00 2.0806199809e+00 -3.2723790063e-04 2.1948291616e-01 0.050090% 6.5622125407e+00 1.3131002344e+01 6.5772620334e-03 8.6836554303e-01 0.341192% 1.1700644227e+01 2.3481405074e+01 8.0116620399e-02 8.5336134024e-01 7.9152449905e-01 7.9132170412e-01 6.7876526057e-01 6.7898183631e-01 6.7961582444e-01 4.8016641309e-01 4.8071995755e-01 4.8236964841e-01 4.8508227269e-01 1100 6 120
3.3113112148e-02 -0.015946% 1.1407819328e+00 2.2812001156e+00 -3.6375003637e-04 2.4246232195e-01 0.056264% 7.1186326586e+00 1.4245280269e+01 8.0149519496e-03 9.4274570548e-01 0.348687% 1.2486986027e+01 2.5061357731e+01 8.7385678155e-02 8.5265153379e-01 7.9094446457e-01 7.9074180790e-01 6.7756564777e-01 6.7780018718e-01 6.7848702847e-01 4.8137325711e-01 4.8192004778e-01 4.8355030807e-01 4.8623316898e-01 981 6 114
3.6307805477e-02 -0.016101% 1.2502894666e+00 2.5001763824e+00 -4.0255085862e-04 2.6774228517e-01 0.062790% 7.7124332687e+00 1.5434557820e+01 9.6912824398e-03 1.0230100335e+00 0.355464% 1.3297143614e+01 2.6689157628e+01 9.4870400296e-02 8.5193084999e-01 7.9034059101e-01 7.9013911425e-01 6.7636151570e-01 6.7661343345e-01 6.7735148549e-01 4.8260192867e-01 4.8314035667e-01 4.8474641504e-01 4.8739175240e-01 747 6 90
3.9810717055e-02 -0.016187% 1.3697428073e+00 2.7390422581e+00 -4.4335647381e-04 2.9552559809e-01 0.069646% 8.3443370668e+00 1.6700305296e+01 1.1631162371e-02 1.1095907992e+00 0.361418% 1.4127606077e+01 2.8357701875e+01 1.0248972155e-01 8.5120124696e-01 7.8971344782e-01 7.8951425359e-01 6.7515749616e-01 6.7542599582e-01 6.7621300486e-01 4.8384860747e-01 4.8437713893e-01 4.8595443142e-01 4.8855477619e-01 880 7 107
4.3651583224e-02 -0.016195% 1.4999321090e+00 2.9993784653e+00 -4.8575263783e-04 3.2602748066e-01 0.076808% 9.0147553793e+00 1.8043369541e+01 1.3858782238e-02 1.2029583734e+00 0.366434% 1.4974270419e+01 3.0058686115e+01 1.1014527639e-01 8.5046497251e-01 7.8906387417e-01 7.8886811416e-01 6.7395868942e-01 6.7424277167e-01 6.7507589455e-01 4.8510893763e-01 4.8562612294e-01 4.8717032046e-01 4.8971853936e-01 846 7 105
4.7863009232e-02 -0.016119% 1.6416968850e+00 3.2828646056e+00 -5.2916439109e-04 3.5947862669e-01 0.084241% 9.7237503209e+00 1.9463897149e+01 1.6396507061e-02 1.3036231144e+00 0.370407% 1.5832553419e+01 3.1782832711e+01 1.1772587328e-01 8.4972419885e-01 7.8839285404e-01 7.8820171820e-01 6.7276992988e-01 6.7306840228e-01 6.7394423210e-01 4.8637860261e-01 4.8688309906e-01 4.8839017489e-01 4.9087958077e-01 1022 7 119
5.2480746025e-02 -0.015951% 1.7959249156e+00 3.5912770034e+00 -5.7282772231e-04 3.9612471772e-01 0.091902% 1.0470980088e+01 2.0961223923e+01 1.9263745963e-02 1.4121430872e+00 0.373232% 1.6697393752e+01 3.3519894504e+01 1.2510700090e-01 8.4898121171e-01 7.8770159972e-01 7.8751630269e-01 6.7159613979e-01 6.7190763300e-01 6.7282224359e-01 4.8765304614e-01 4.8814362879e-01 4.8960989195e-01 4.9203430130e-01 984 7 112
5.7543993734e-02 -0.015682% 1.9635543724e+00 3.9264929895e+00 -6.1575534542e-04 4.3622783332e-01 0.099742% 1.1255654070e+01 2.2533783749e+01 2.2475609170e-02 1.5291302410e+00 0.374811% 1.7563335708e+01 3.5258825441e+01 1.3215402518e-01 8.4823833333e-01 7.8699152879e-01 7.8681329549e-01 6.7044216513e-01 6.7076515310e-01 6.7171415507e-01 4.8892760409e-01 4.8940317659e-01 4.9082530571e-01 4.9317909837e-01 878 7 105
6.3095734448e-02 -0.015306% 2.1455754131e+00 4.2904941272e+00 -6.5669906831e-04 4.8006780176e-01 0.107703% 1.2076489797e+01 2.4179021046e+01 2.6041451540e-02 1.6552579791e+00 0.375057% 1.8424623339e+01 3.6987972526e+01 1.3872584714e-01 8.4749789523e-01 7.8626425955e-01 7.8609430991e-01 6.6931271029e-01 6.6964553422e-01 6.7062414183e-01 4.9019756059e-01 4.9065716361e-01 4.9203223402e-01 4.9431040357e-01 773 7 98
6.9183097092e-02 -0.014814% 2.3430316731e+00 4.6853692400e+00 -6.9410613459e-04 5.2794380660e-01 0.115718% 1.2931674327e+01 2.5893311954e+01 2.9963300613e-02 1.7912696616e+00 0.373894% 1.9275315260e+01 3.8695310015e+01 1.4467949505e-01 8.4676221087e-01 7.8552160075e-01 7.8536113429e-01 6.6821227826e-01 6.6855317304e-01 6.6955627870e-01 4.9145820456e-01 4.9190102176e-01 4.9322652557e-01 4.9542471942e-01 882 7 105
7.5857757503e-02 -0.014200% 2.5570241777e+00 5.1133222883e+00 -7.2606721326e-04 5.8017768078e-01 0.123715% 1.3818833480e+01 2.7671901164e+01 3.4234205001e-02 1.9379863141e+00 0.371269% 2.0109458426e+01 4.0368793823e+01 1.4987697219e-01 8.4603345586e-01 7.8476550767e-01 7.8461568909e-01 6.6714492992e-01 6.6749205160e-01 6.6851430374e-01 4.9270503445e-01 4.9313039860e-01 4.9440426571e-01 4.9651882730e-01 922 8 112
8.3176377110e-02 -0.013454% 2.7887037829e+00 5.5766572856e+00 -7.5028026287e-04 6.3711148190e-01 0.131612% 1.4735001001e+01 2.9508839079e+01 3.8837076692e-02 2.0963239854e+00 0.367141% 2.0921096332e+01 4.1996378574e+01 1.5418591109e-01 8.4531398939e-01 7.8399818997e-01 7.8386013063e-01 6.6611491615e-01 6.6646637516e-01 6.6750227313e-01 4.9393325599e-01 4.9434064276e-01 4.9556122517e-01 4.9758917740e-01 772 8 104
9.1201083936e-02 -0.012570% 3.0392844304e+00 6.0778048929e+00 -7.6396800504e-04 6.9911694367e-01 0.139322% 1.5676612933e+01 3.1396968723e+01 4.3742856904e-02 2.2672961834e+00 0.361499% 2.1704632960e+01 4.3566759335e+01 1.5749341403e-01 8.4460583477e-01 7.8322191882e-01 7.8309666516e-01 6.6512565902e-01 6.6547954710e-01 6.6652351866e-01 4.9513862518e-01 4.9552765923e-01 4.9669375183e-01 4.9863283914e-01 840 8 104
1.0000000000e-01 -0.011539% 3.3100361116e+00 6.6193083949e+00 -7.6382825749e-04 7.6659473067e-01 0.146753% 1.6639496938e+01 3.3327903608e+01 4.8909731047e-02 2.4520324658e+00 0.354359% 2.2454880037e+01 4.5069467649e+01 1.5970757541e-01 8.4391096595e-01 7.8243911638e-01 7.8232763509e-01 6.6418032147e-01 6.6453474230e-01 6.6558123225e-01 4.9631700241e-01 4.9668745216e-01 4.9779827976e-01 4.9964695534e-01 833 8 104
1.0964781961e-01 -0.010355% 3.6022867243e+00 7.2038274893e+00 -7.4595926947e-04 8.3997941992e-01 0.153809% 1.7618882429e+01 3.5292047180e+01 5.4282321453e-02 2.6517911841e+00 0.345765% 2.3167257668e+01 4.6495279621e+01 1.6076428448e-01 8.4323120879e-01 7.8165230833e-01 7.8155547382e-01 6.6328162149e-01 6.6363471889e-01 6.6467827133e-01 4.9746452143e-01 4.9781629417e-01 4.9887149926e-01 5.0062891251e-01 757 8 96
1.2022644346e-01 -0.009009% 3.9174212287e+00 7.8341366736e+00 -7.0578378906e-04 9.1974419556e-01 0.160391% 1.8609423088e+01 3.7278637630e+01 5.9791453181e-02 2.8679747073e+00 0.335793% 2.3837955788e+01 4.7836543442e+01 1.6063186677e-01 8.4256821778e-01 7.8086409903e-01 7.8078268211e-01 6.6243179769e-01 6.6278178193e-01 6.6381711754e-01 4.9857763755e-01 4.9891077280e-01 4.9991039778e-01 5.0157637181e-01 771 8 96
1.3182567386e-01 -0.007494% 4.2568797738e+00 8.5131215790e+00 -6.3796851363e-04 1.0064063809e+00 0.166399% 1.9605235271e+01 3.9275825039e+01 6.5354496579e-02 3.1021458884e+00 0.324552% 2.4464075353e+01 4.9087464891e+01 1.5931418423e-01 8.4192345395e-01 7.8007714639e-01 7.8001180436e-01 6.6163257873e-01 6.6197775026e-01 6.6299983675e-01 4.9965317354e-01 4.9996783481e-01 5.0091229905e-01 5.0248729845e-01 620 8 88
1.4454397707e-01 -0.005802% 4.6221604155e+00 9.2437845059e+00 -5.3632503890e-04 1.1005372382e+00 0.171734% 2.0599945376e+01 4.1270766791e+01 7.0876039461e-02 3.3560410831e+00 0.312181% 2.5043811351e+01 5.0244476438e+01 1.5685373611e-01 8.4129804610e-01 7.7929409969e-01 7.7924536944e-01 6.6088492222e-01 6.6122369073e-01 6.6222780022e-01 5.0068855712e-01 5.0098502419e-01 5.0187510203e-01 5.0336020081e-01 620 9 81
1.5848931925e-01 -0.003926% 5.0147916492e+00 1.0029189521e+01 -3.9377795757e-04 1.2027570314e+00 0.176303% 2.1586793612e+01 4.3249838154e+01 7.6250931416e-02 3.6316066888e+00 0.298841% 2.5576236731e+01 5.1305796315e+01 1.5332285243e-01 8.4069322816e-01 7.7851771378e-01 7.7848600094e-01 6.6018989939e-01 6.6052080628e-01 6.6150258262e-01 5.0168111010e-01 5.0195976228e-01 5.0279653404e-01 5.0419333812e-01 625 9 90
1.7378008287e-01 -0.001860% 5.4363564710e+00 1.0872510731e+01 -2.0221139950e-04 1.3137611332e+00 0.180016% 2.2558690283e+01 4.5198745632e+01 8.1365066145e-02 3.9309949455e+00 0.284723% 2.6061712561e+01 5.2272256313e+01 1.4883119125e-01 8.4010966917e-01 7.7775061984e-01 7.7773619709e-01 6.5954738110e-01 6.5986910902e-01 6.6082459819e-01 5.0262915716e-01 5.0289046675e-01 5.0367529940e-01 5.0498591592e-01 718 9 99
1.9054607180e-01 0.000404% 5.8884623328e+00 1.1776972232e+01 4.7566824507e-05 1.4343189926e+00 0.182791% 2.3508355398e+01 4.7102810619e+01 8.6099821552e-02 4.2566012379e+00 0.270032% 2.6501583910e+01 5.3146680668e+01 1.4351284721e-01 8.3954788360e-01 7.7699543167e-01 7.7699843404e-01 6.5895686786e-01 6.5926825289e-01 6.6019394096e-01 5.0353135935e-01 5.0377587681e-01 5.0451037967e-01 5.0573734439e-01 675 9 90
2.0892961309e-01 0.002871% 6.3727319047e+00 1.2745829705e+01 3.6589568313e-04 1.5652879609e+00 0.184558% 2.4428453039e+01 4.8947241974e+01 9.0335896540e-02 4.6110840828e+00 0.254980% 2.6898125811e+01 5.3933772022e+01 1.3752040014e-01 8.3900812662e-01 7.7625469112e-01 7.7627511362e-01 6.5841729844e-01 6.5871733743e-01 6.5961017470e-01 5.0438689118e-01 5.0461523148e-01 5.0530121514e-01 5.0644742395e-01 697 9 90
2.2908676528e-01 0.005546% 6.8907846597e+00 1.3782333622e+01 7.6430303601e-04 1.7076259133e+00 0.185258% 2.5311754437e+01 5.0717466939e+01 9.3958065550e-02 4.9973907106e+00 0.239782% 2.7254370683e+01 5.4639757436e+01 1.3101607014e-01 8.3849039750e-01 7.7553084681e-01 7.7556854358e-01 6.5792707261e-01 6.5821492735e-01 6.5907234313e-01 5.0519543851e-01 5.0540826730e-01 5.0604770160e-01 5.0711633932e-01 571 9 81
2.5118864315e-01 0.008432% 7.4442129362e+00 1.4889681390e+01 1.2555178364e-03 1.8624052467e+00 0.184850% 2.6151324418e+01 5.2399509278e+01 9.6860442699e-02 5.4187849656e+00 0.224639% 2.7573890279e+01 5.5271943084e+01 1.2416252580e-01 8.3799445131e-01 7.7482623472e-01 7.7488091964e-01 6.5748408986e-01 6.5775908833e-01 6.5857899721e-01 5.0595718106e-01 5.0615520093e-01 5.0675017315e-01 5.0774464226e-01 595 9 81
2.7542287033e-01 0.011533% 8.0345513436e+00 1.6070956123e+01 1.8534360292e-03 2.0308282080e+00 0.183311% 2.6940729395e+01 5.3980410824e+01 9.8952033491e-02 5.8788779415e+00 0.209739% 2.7860552231e+01 5.5838218725e+01 1.1711426343e-01 8.3751981911e-01 7.7414306033e-01 7.7421430899e-01 6.5708580505e-01 6.5734744001e-01 6.5812824031e-01 5.0667275840e-01 5.0685669585e-01 5.0740937080e-01 5.0833322258e-01 562 9 81
3.0199517204e-01 0.014848% 8.6632383029e+00 1.7329049635e+01 2.5730297273e-03 2.2142434567e+00 0.180640% 2.7674262546e+01 5.5448687359e+01 1.0016226621e-01 6.3816618107e+00 0.195239% 2.8118276288e+01 5.6346562987e+01 1.1001041040e-01 8.3706583614e-01 7.7348338161e-01 7.7357063474e-01 6.5672930053e-01 6.5697722574e-01 6.5771779089e-01 5.0734322062e-01 5.0751381404e-01 5.0802639725e-01 5.0888326789e-01 519 9 72
3.3113112148e-01 0.018376% 9.3315684022e+00 1.8666566975e+01 3.4301703854e-03 2.4141636935e+00 0.176858% 2.8347178077e+01 5.6794802266e+01 1.0044611266e-01 6.9315472295e+00 0.181270% 2.8350816460e+01 5.6804602522e+01 1.0296960247e-01 8.3663167727e-01 7.7284909176e-01 7.7295165996e-01 6.5641137241e-01 6.5664539681e-01 6.5734506049e-01 5.0796996567e-01 5.0812795487e-01 5.0860266019e-01 5.0939621413e-01 486 9 72
3.6307805477e-01 0.022112% 1.0040634607e+01 2.0085710584e+01 4.4413702985e-03 2.6322842240e+00 0.172014% 2.8955921930e+01 5.8011632175e+01 9.9788315737e-02 7.5334048004e+00 0.167928% 2.8561591707e+01 5.7219270685e+01 9.6087270890e-02 8.3621639602e-01 7.7224190046e-01 7.7235897069e-01 6.5612862734e-01 6.5634870725e-01 6.5700724278e-01 5.0855466804e-01 5.0870078544e-01 5.0913980789e-01 5.0987369002e-01 595 9 81
3.9810717055e-01 0.026048% 1.0791259112e+01 2.1588141598e+01 5.6233742750e-03 2.8705021658e+00 0.166184% 2.9498340799e+01 5.9094887812e+01 9.8206213546e-02 8.1926106198e+00 0.155279% 2.8753579398e+01 5.7596594113e+01 8.9435317765e-02 8.3581896721e-01 7.7166331294e-01 7.7179395611e-01 6.5587758425e-01 6.5608381393e-01 6.5670140820e-01 5.0909920351e-01 5.0923416725e-01 5.0963966160e-01 5.1031745896e-01 626 9 81
4.3651583224e-01 0.030173% 1.1583912744e+01 2.3174818111e+01 6.9926237683e-03 3.1309362106e+00 0.159469% 2.9973846769e+01 6.0043444166e+01 9.5750628931e-02 8.9150962437e+00 0.143358% 2.8929274802e+01 5.7941613418e+01 8.3063814554e-02 8.3543832721e-01 7.7111460611e-01 7.7125778632e-01 6.5565477517e-01 6.5584737558e-01 6.5642459776e-01 5.0960557629e-01 5.0973008513e-01 5.1010414991e-01 5.1072936292e-01 503 9 72
4.7863009232e-01 0.034471% 1.2418622840e+01 2.4845810224e+01 8.5645445614e-03 3.4159466942e+00 0.151997% 3.0383511609e+01 6.0859527634e+01 9.2504416483e-02 9.7074028291e+00 0.132177% 2.9090708316e+01 5.8258420750e+01 7.7004119066e-02 8.3507341150e-01 7.7059680231e-01 7.7075138765e-01 6.5545683894e-01 6.5563614489e-01 6.5617390998e-01 5.1007585334e-01 5.1019058317e-01 5.1053524959e-01 5.1111127168e-01 456 9 63
5.2480746025e-01 0.038920% 1.3294871080e+01 2.6600094789e+01 1.0352627982e-02 3.7281559620e+00 0.143916% 3.0730065595e+01 6.1548709648e+01 8.8578457590e-02 1.0576739530e+01 0.121729% 2.9239503656e+01 5.8550280010e+01 7.1272697066e-02 8.3472318603e-01 7.7011064265e-01 7.7027541717e-01 6.5528060242e-01 6.5544704820e-01 6.5594657549e-01 5.1051210999e-01 5.1061771161e-01 5.1093493646e-01 5.1146504052e-01 520 9 72
5.7543993734e-01 0.043493% 1.4211483413e+01 2.8435334145e+01 1.2367319063e-02 4.0704689650e+00 0.135392% 3.1017781375e+01 6.2119667950e+01 8.4105199429e-02 1.1531045870e+01 0.111995% 2.9376956474e+01 5.8819787932e+01 6.5874984199e-02 8.3438667269e-01 7.6965656215e-01 7.6983023917e-01 6.5512314539e-01 6.5527724893e-01 6.5574001587e-01 5.1091638862e-01 5.1101348642e-01 5.1130514770e-01 5.1179247750e-01 514 9 72
6.3095734448e-01 0.048158% 1.5166516241e+01 3.0347647184e+01 1.4614701593e-02 4.4460943042e+00 0.126599% 3.1252235442e+01 6.2583701100e+01 7.9230215376e-02 1.2579058292e+01 0.102945% 2.9504114628e+01 5.9069038044e+01 6.0808788170e-02 8.3406296759e-01 7.6923467045e-01 7.6941590714e-01 6.5498184644e-01 6.5512419235e-01 6.5555188467e-01 5.1129067050e-01 5.1137986165e-01 5.1164775596e-01 5.1209532073e-01 413 9 63
6.9183097092e-01 0.052874% 1.6157144409e+01 3.2331383800e+01 1.7094982659e-02 4.8585660142e+00 0.117709% 3.1439957086e+01 6.2954016800e+01 7.4102629173e-02 1.3730381081e+01 0.094548% 2.9621847046e+01 5.9299761055e+01 5.6066962097e-02 8.3375125400e-01 7.6884474216e-01 7.6903215483e-01 6.5485440925e-01 6.5498563123e-01 6.5538009067e-01 5.1163685896e-01 5.1171871295e-01 5.1196455373e-01 5.1237522440e-01 429 9 63
7.5857757503e-01 0.057596% 1.7179558657e+01 3.4378918189e+01 1.9800875444e-02 5.3117666854e+00 0.108887% 3.1587994812e+01 6.3244855117e+01 6.8865493405e-02 1.4995562390e+01 0.086769% 2.9730895379e+01 5.9513430058e+01 5.1639299934e-02 8.3345080973e-01 7.6848621962e-01 7.6867839997e-01 6.5473886957e-01 6.5485963283e-01 6.5522280447e-01 5.1195677144e-01 5.1203182966e-01 5.1225724580e-01 5.1263375209e-01 455 9 63
8.3176377110e-01 0.062269% 1.8228881383e+01 3.6480478673e+01 2.2715906916e-02 5.8099525063e+00 0.100278% 3.1703448830e+01 6.3470544966e+01 6.3647306927e-02 1.6386175977e+01 0.079572% 2.9831908772e+01 5.9711331308e+01 4.7513764921e-02 8.3316101196e-01 7.6815823047e-01 7.6835376208e-01 6.5463358504e-01 6.5474456940e-01 6.5507845083e-01 5.1225213734e-01 5.1232091267e-01 5.1252744732e-01 5.1287237530e-01 440 9 63
9.1201083936e-01 0.066831% 1.9299111644e+01 3.8624036123e+01 2.5812834310e-02 6.3577811791e+00 0.092004% 3.1793029138e+01 6.3644613950e+01 5.8555674160e-02 1.7914910024e+01 0.072923% 2.9925465779e+01 5.9894608791e+01 4.3677233511e-02 8.3288133881e-01 7.6785961972e-01 7.6805709489e-01 6.5453721033e-01 6.5463909492e-01 6.5494568966e-01 5.1252459916e-01 5.1258757572e-01 5.1277668531e-01 5.1309247550e-01 488 9 63
1.0000000000e+00 0.071215% 2.0383110465e+01 4.0795273248e+01 2.9052319224e-02 6.9603434426e+00 0.084156% 3.1862697963e+01 6.3779069678e+01 5.3673752449e-02 1.9595664024e+01 0.066788% 3.0012088207e+01 6.0064292352e+01 4.0115938338e-02 8.3261136920e-01 7.6758899438e-01 7.6778703095e-01 6.5444866158e-01 6.5454211164e-01 6.5482338902e-01 5.1277571516e-01 5.1283334812e-01 5.1300640187e-01 5.1329534825e-01 352 9 54
1.0964781961e+00 0.075346% 2.1472637837e+01 4.2977657765e+01 3.2382090323e-02 7.6231989293e+00 0.076795% 3.1917440406e+01 6.3883940434e+01 4.9059622213e-02 2.1443654917e+01 0.061134% 3.0092250730e+01 6.0221317209e+01 3.6815748931e-02 8.3235078102e-01 7.6734477643e-01 7.6754203445e-01 6.5436707431e-01 6.5445273079e-01 6.5471059374e-01 5.1300696220e-01 5.1305967786e-01 5.1321795794e-01 5.1348220824e-01 408 9 54
1.2022644346e+00 0.079147% 2.2558451658e+01 4.5152640150e+01 3.5736833364e-02 8.3524168039e+00 0.069955% 3.1961181335e+01 6.3967110881e+01 4.4748210125e-02 2.3475533424e+01 0.055929% 3.0166388487e+01 6.0366539349e+01 3.3762374847e-02 8.3209934764e-01 7.6712525910e-01 7.6732045707e-01 6.5429175951e-01 6.5437023152e-01 6.5460649296e-01 5.1321973829e-01 5.1326793444e-01 5.1341263710e-01 5.1365419464e-01 362 9 54
1.3182567386e+00 0.082535% 2.3630476857e+01 4.7299992795e+01 3.9039080833e-02 9.1546214164e+00 0.063645% 3.1996836617e+01 6.4034428243e+01 4.0755008646e-02 2.5709511482e+01 0.051142% 3.0234903542e+01 6.0500748615e+01 3.0941531976e-02 8.3185693222e-01 7.6692866107e-01 7.6712059179e-01 6.5422216190e-01 6.5429402195e-01 6.5451038977e-01 5.1341536484e-01 5.1345941141e-01 5.1359164899e-01 5.1381237609e-01 352 9 54
1.4454397707e+00 0.085431% 2.4678049542e+01 4.9398300381e+01 4.2201296291e-02 1.0037042946e+01 0.057857% 3.2026462018e+01 6.4090004703e+01 3.7080667000e-02 2.8165501504e+01 0.046745% 3.0298170297e+01 6.0624679681e+01 2.8339086359e-02 8.3162348004e-01 7.6675317453e-01 7.6694072019e-01 6.5415782371e-01 6.5422360547e-01 6.5442167491e-01 5.1359508846e-01 5.1363532849e-01 5.1375613232e-01 5.1395775526e-01 404 9 54
1.5848931925e+00 0.087756% 2.5690236431e+01 5.1425602158e+01 4.5129295705e-02 1.1007573019e+01 0.052568% 3.2051450596e+01 6.4136616775e+01 3.3715583338e-02 3.0865268453e+01 0.042709% 3.0356539777e+01 6.0739020732e+01 2.5941177795e-02 8.3139900821e-01 7.6659700444e-01 7.6677915072e-01 6.5409835570e-01 6.5415855375e-01 6.5433980582e-01 5.1376008281e-01 5.1379683365e-01 5.1390715766e-01 5.1409127281e-01 353 9 54
1.7378008287e+00 0.089443% 2.6656223639e+01 5.3360174270e+01 4.7726991916e-02 1.2074825399e+01 0.047750% 3.2072731743e+01 6.4176107352e+01 3.0643866061e-02 3.3832596028e+01 0.039008% 3.0410342739e+01 6.0844419800e+01 2.3734322336e-02 8.3118359298e-01 7.6645839833e-01 7.6663424722e-01 6.5404341595e-01 6.5409848688e-01 6.5426429113e-01 5.1391145052e-01 5.1394500515e-01 5.1404572999e-01 5.1421381074e-01 376 9 54
1.9054607180e+00 0.090433% 2.7565761262e+01 5.5181424784e+01 4.9902258990e-02 1.3248202180e+01 0.043368% 3.2090938879e+01 6.4209724107e+01 2.7846348138e-02 3.7093468819e+01 0.035617% 3.0459891764e+01 6.0941489022e+01 2.1705493358e-02 8.3097735465e-01 7.6633566768e-01 7.6650444843e-01 6.5399269541e-01 6.5404305988e-01 6.5419467986e-01 5.1405022525e-01 5.1408085377e-01 5.1417279119e-01 5.1432619537e-01 382 9 54
2.0892961309e+00 0.090685% 2.8409551275e+01 5.6870675440e+01 5.1572890665e-02 1.4537870868e+01 0.039389% 3.2106660581e+01 6.4238624388e+01 2.5303226075e-02 4.0676319837e+01 0.032511% 3.0505339121e+01 6.1030520169e+01 1.9841926109e-02 8.3078058987e-01 7.6622715409e-01 7.6638823098e-01 6.5394625199e-01 6.5399229779e-01 6.5413089987e-01 5.1417712814e-01 5.1420507920e-01 5.1428897641e-01 5.1442895370e-01 316 8 48
2.2908676528e+00 0.090178% 2.9180089169e+01 5.8412853992e+01 5.2675652684e-02 1.5955221255e+01 0.035779% 3.2119993541e+01 6.4262979907e+01 2.2992826169e-02 4.4612065519e+01 0.029670% 3.0547258722e+01 6.1112649666e+01 1.8132222348e-02 8.3059314770e-01 7.6613143419e-01 7.6628431515e-01 6.5390311579e-01 6.5394519852e-01 6.5407185343e-01 5.1429356803e-01 5.1431907043e-01 5.1439561488e-01 5.1452331474e-01 345 8 48
2.5118864315e+00 0.088916% 2.9871562676e+01 5.9796293882e+01 5.3168528705e-02 1.7512397033e+01 0.032506% 3.2131378202e+01 6.4283652503e+01 2.0896099653e-02 4.8934632842e+01 0.027072% 3.0585765151e+01 6.1188095031e+01 1.6564729166e-02 8.3041532924e-01 7.6604703483e-01 7.6619137077e-01 6.5386339421e-01 6.5390184188e-01 6.5401753820e-01 5.1440012952e-01 5.1442339345e-01 5.1449321672e-01 5.1460969508e-01 342 8 48
2.7542287033e+00 0.086927% 3.0480571801e+01 6.1014181096e+01 5.3037493656e-02 1.9222759852e+01 0.029540% 3.2141086188e+01 6.4301166693e+01 1.8994318051e-02 5.3681050870e+01 0.024697% 3.0621106365e+01 6.1257341423e+01 1.5128693063e-02 8.3024725120e-01 7.6597263254e-01 7.6610821679e-01 6.5382685399e-01 6.5386196871e-01 6.5396761765e-01 5.1449759491e-01 5.1451881340e-01 5.1458249544e-01 5.1468872168e-01 316 8 48
3.0199517204e+00 0.084263% 3.1006271317e+01 6.2064840607e+01 5.2297972930e-02 2.1100912853e+01 0.026852% 3.2149360078e+01 6.4315990046e+01 1.7269890943e-02 5.8891805512e+01 0.022527% 3.0653517104e+01 6.1320848183e+01 1.3813974702e-02 8.3008898194e-01 7.6590701045e-01 7.6603377326e-01 6.5379327193e-01 6.5382533206e-01 6.5392177374e-01 5.1458669396e-01 5.1460604415e-01 5.1466411708e-01 5.1476098055e-01 344 8 48
3.3113112148e+00 0.081005% 3.1450433727e+01 6.2951861583e+01 5.0994129496e-02 2.3162825056e+01 0.024416% 3.2156416971e+01 6.4328540373e+01 1.5706431656e-02 6.4611186358e+01 0.020546% 3.0683218175e+01 6.1379047395e+01 1.2611045266e-02 8.2994052786e-01 7.6584906110e-01 7.6596706002e-01 6.5376243700e-01 6.5379169916e-01 6.5387970831e-01 5.1466810486e-01 5.1468574919e-01 5.1473870093e-01 5.1482701699e-01 347 8 48
3.6307805477e+00 0.077249% 3.1817320804e+01 6.3683836916e+01 4.9195308388e-02 2.5425971473e+01 0.022209% 3.2162449140e+01 6.4339187057e+01 1.4288777962e-02 7.0887673374e+01 0.018738% 3.0710416983e+01 6.1432344944e+01 1.1510978750e-02 8.2980182217e-01 7.6579778802e-01 7.6590719469e-01 6.5373414975e-01 6.5376085048e-01 6.5384114151e-01 5.1474245727e-01 5.1475854458e-01 5.1480682224e-01 5.1488733790e-01 316 8 48
3.9810717055e+00 0.073109% 3.2113359135e+01 6.4273708267e+01 4.6989998066e-02 2.7909489205e+01 0.020207% 3.2167624428e+01 6.4348251847e+01 1.3002990545e-02 7.7774366758e+01 0.017087% 3.0735308080e+01 6.1481121600e+01 1.0505439260e-02 8.2967271804e-01 7.6575230555e-01 7.6585338955e-01 6.5370822171e-01 6.5373257905e-01 6.5380581050e-01 5.1481033521e-01 5.1482500182e-01 5.1486901481e-01 5.1494241401e-01 346 8 48
4.3651583224e+00 0.068704% 3.2346530119e+01 6.4737537784e+01 4.4477545481e-02 3.0634135816e+01 0.018392% 3.2172222748e+01 6.4356282125e+01 1.1836628709e-02 8.5329544389e+01 0.015581% 3.0757926944e+01 6.1525440431e+01 9.5865436247e-03 8.2955313817e-01 7.6571177534e-01 7.6580488532e-01 6.5368482464e-01 6.5370703978e-01 6.5377381926e-01 5.1487203437e-01 5.1488540501e-01 5.1492552795e-01 5.1499243642e-01 305 7 42
4.7863009232e+00 0.064156% 3.2526198711e+01 6.5094159426e+01 4.1762004331e-02 3.3623329711e+01 0.016745% 3.2176086363e+01 6.4362950220e+01 1.0777494657e-02 9.3616856523e+01 0.014208% 3.0778746401e+01 6.1566240144e+01 8.7473418903e-03 8.2944246363e-01 7.6567564886e-01 7.6576119492e-01 6.5366306993e-01 6.5368332741e-01 6.5374421229e-01 5.1492856195e-01 5.1494075073e-01 5.1497732625e-01 5.1503831622e-01 281 7 42
5.2480746025e+00 0.059577% 3.2661750247e+01 6.5362441297e+01 3.8940804173e-02 3.6902098153e+01 0.015249% 3.2179458118e+01 6.4368731713e+01 9.8154765292e-03 1.0270638690e+02 0.012955% 3.0797771807e+01 6.1603524630e+01 7.9810164757e-03 8.2934047562e-01 7.6564328673e-01 7.6572171943e-01 6.5364316595e-01 6.5366163581e-01 6.5371713942e-01 5.1498012314e-01 5.1499123432e-01 5.1502457551e-01 5.1508016978e-01 298 7 42
5.7543993734e+00 0.055064% 3.2762396207e+01 6.5560893091e+01 3.6100675934e-02 4.0498125981e+01 0.013889% 3.2182422990e+01 6.4373787159e+01 8.9411786463e-03 1.1267495265e+02 0.011813% 3.0815148670e+01 6.1637578735e+01 7.2813940523e-03 8.2924674130e-01 7.6561419920e-01 7.6568599216e-01 6.5362497062e-01 6.5364180900e-01 6.5369240264e-01 5.1502714077e-01 5.1503726957e-01 5.1506766235e-01 5.1511833833e-01 342 7 42
6.3095734448e+00 0.050700% 3.2836515976e+01 6.5706344748e+01 3.3312795327e-02 4.4441805608e+01 0.012654% 3.2185047465e+01 6.4378241101e+01 8.1461711564e-03 1.2360685710e+02 0.010772% 3.0831014606e+01 6.1668671995e+01 6.6427838394e-03 8.2916078179e-01 7.6558797541e-01 7.6565360942e-01 6.5360834511e-01 6.5362369520e-01 6.5366981089e-01 5.1507000835e-01 5.1507924170e-01 5.1510694706e-01 5.1515314041e-01 280 7 42
6.9183097092e+00 0.046542% 3.2891271992e+01 6.5813174845e+01 3.0630861167e-02 4.8766498405e+01 0.011529% 3.2187384479e+01 6.4382191867e+01 7.4229082168e-03 1.3559462359e+02 0.009822% 3.0845497197e+01 6.1697054342e+01 6.0599485070e-03 8.2908209081e-01 7.6556427139e-01 7.6562422125e-01 6.5359315974e-01 6.5360715266e-01 6.5364918586e-01 5.1510908787e-01 5.1511750507e-01 5.1514276108e-01 5.1518486918e-01 280 7 42
7.5857757503e+00 0.042632% 3.2932419736e+01 6.5892930834e+01 2.8091361941e-02 5.3508821721e+01 0.010506% 3.2189475985e+01 6.4385716608e+01 6.7646375287e-03 1.4873979007e+02 0.008956% 3.0858714380e+01 6.1722956837e+01 5.5280764742e-03 8.2901015059e-01 7.6554279908e-01 7.6559752350e-01 6.5357929393e-01 6.5359204957e-01 6.5363036178e-01 5.1514471161e-01 5.1515238497e-01 5.1517540870e-01 5.1521379387e-01 320 7 42
8.3176377110e+00 0.038990% 3.2964189573e+01 6.5954094356e+01 2.5715210146e-02 5.8708549989e+01 0.009575% 3.2191490103e+01 6.4389145666e+01 6.1654609550e-03 1.6315391810e+02 0.008167% 3.0870629640e+01 6.1746301972e+01 5.0426915039e-03 8.2894459515e-01 7.6552325289e-01 7.6557318717e-01 6.5356698094e-01 6.5357860896e-01 6.5361353070e-01 5.1517694325e-01 5.1518393867e-01 5.1520492799e-01 5.1523992040e-01 250 6 36
9.1201083936e+00 0.035622% 3.2989894547e+01 6.6003301063e+01 2.3511969135e-02 6.4410579067e+01 0.008727% 3.2193176938e+01 6.4391973506e+01 5.6196303180e-03 1.7895895738e+02 0.007447% 3.0881641153e+01 6.1767882190e+01 4.5998836077e-03 8.2888461810e-01 7.6550555574e-01 7.6555110832e-01 6.5355540930e-01 6.5356600946e-01 6.5359784125e-01 5.1520655591e-01 5.1521293347e-01 5.1523206871e-01 5.1526396926e-01 248 6 36
1.0000000000e+01 0.032525% 3.3011466081e+01 6.6044413338e+01 2.1481175761e-02 7.0662900049e+01 0.007955% 3.2194696230e+01 6.4394514891e+01 5.1224306599e-03 1.9628913187e+02 0.006791% 3.0891691681e+01 6.1787579244e+01 4.1958809524e-03 8.2882989503e-01 7.6548946660e-01 7.6553101620e-01 6.5354483793e-01 6.5355450133e-01 6.5358351760e-01 5.1523355659e-01 5.1523937104e-01 5.1525681648e-01 5.1528589927e-01 258 6 36
1.0964781961e+01 0.029686% 3.3030183810e+01 6.6079984385e+01 1.9616765396e-02 7.7518553826e+01 0.007251% 3.2196070436e+01 6.4396810333e+01 4.6694601734e-03 2.1529151067e+02 0.006192% 3.0900860628e+01 6.1805548554e+01 3.8272974331e-03 8.2877998236e-01 7.6547482881e-01 7.6551272439e-01 6.5353519070e-01 6.5354400040e-01 6.5357045117e-01 5.1525816977e-01 5.1526347095e-01 5.1527937627e-01 5.1530589100e-01 268 6 36
1.2022644346e+01 0.027089% 3.3046813199e+01 6.6111535679e+01 1.7909280790e-02 8.5035725371e+01 0.006610% 3.2197314940e+01 6.4398886613e+01 4.2567331990e-03 2.3612737617e+02 0.005647% 3.0909224855e+01 6.1821940750e+01 3.4910400442e-03 8.2873446354e-01 7.6546150600e-01 7.6549606767e-01 6.5352638777e-01 6.5353441943e-01 6.5355853244e-01 5.1528060700e-01 5.1528544036e-01 5.1529994191e-01 5.1532411603e-01 245 6 36
1.3182567386e+01 0.024717% 3.3061799514e+01 6.6139946738e+01 1.6347710189e-02 9.3278221672e+01 0.006026% 3.2198442918e+01 6.4400766474e+01 3.8806374828e-03 2.5897358919e+02 0.005149% 3.0916854754e+01 6.1836893790e+01 3.1842831761e-03 8.2869295442e-01 7.6544937667e-01 7.6548089723e-01 6.5351835572e-01 6.5352567828e-01 6.5354766092e-01 5.1530106133e-01 5.1530546826e-01 5.1531869026e-01 5.1534073098e-01 281 6 36
1.4454397707e+01 0.022550% 3.3075288689e+01 6.6165497884e+01 1.4920505499e-02 1.0231527091e+02 0.005494% 3.2199605956e+01 6.4402749893e+01 3.5379804742e-03 2.8402437035e+02 0.004696% 3.0923661655e+01 6.1850227719e+01 2.9044077768e-03 8.2865525841e-01 7.6543826965e-01 7.6546701638e-01 6.5351138863e-01 6.5351806496e-01 6.5353810640e-01 5.1531945485e-01 5.1532347305e-01 5.1533552868e-01 5.1535562475e-01 283 5 30
1.5848931925e+01 0.020573% 3.3087689182e+01 6.6188995355e+01 1.3616990686e-02 1.1222502171e+02 0.005008% 3.2200530525e+01 6.4404286651e+01 3.2256012689e-03 3.1149181225e+02 0.004282% 3.0930014672e+01 6.1862678483e+01 2.6491391297e-03 8.2862073742e-01 7.6542821132e-01 7.6545442842e-01 6.5350469228e-01 6.5351077950e-01 6.5352905148e-01 5.1533646295e-01 5.1534012680e-01 5.1535111919e-01 5.1536944263e-01 228 5 30
1.7378008287e+01 0.018768% 3.3099009657e+01 6.6210445885e+01 1.2426570565e-02 1.2309095604e+02 0.004566% 3.2201361961e+01 6.4405664805e+01 2.9408834290e-03 3.4160934579e+02 0.003905% 3.0935817900e+01 6.1874052085e+01 2.4162839209e-03 8.2858924943e-01 7.6541905370e-01 7.6544296377e-01 6.5349856327e-01 6.5350411348e-01 6.5352077269e-01 5.1535198305e-01 5.1535532386e-01 5.1536534697e-01 5.1538205449e-01 208 5 30
1.9054607180e+01 0.017122% 3.3109342777e+01 6.6230025144e+01 1.1339589963e-02 1.3500527220e+02 0.004163% 3.2202116502e+01 6.4406914372e+01 2.6813677885e-03 3.7463265177e+02 0.003561% 3.0941111762e+01 6.1884427401e+01 2.2038766229e-03 8.2856053495e-01 7.6541071176e-01 7.6543251783e-01 6.5349297063e-01 6.5349803131e-01 6.5351322050e-01 5.1536613413e-01 5.1536918043e-01 5.1537831990e-01 5.1539355429e-01 207 5 30
2.0892961309e+01 0.015619% 3.3118775035e+01 6.6247897245e+01 1.0347175052e-02 1.4806910854e+02 0.003796% 3.2202801895e+01 6.4408048602e+01 2.4448120085e-03 4.1084206698e+02 0.003248% 3.0945940493e+01 6.1893891111e+01 2.0101249450e-03 8.2853434988e-01 7.6540311188e-01 7.6542299911e-01 6.5348786852e-01 6.5349248294e-01 6.5350633217e-01 5.1537903660e-01 5.1538181440e-01 5.1539014827e-01 5.1540403966e-01 209 5 30
2.2908676528e+01 0.014248% 3.3127384629e+01 6.6264210446e+01 9.4411872200e-03 1.6239336430e+02 0.003461% 3.2203424705e+01 6.4409078586e+01 2.2291749941e-03 4.5054497456e+02 0.002962% 3.0950344882e+01 6.1902523158e+01 1.8333931845e-03 8.2851047119e-01 7.6539618741e-01 7.6541432466e-01 6.5348321410e-01 6.5348742170e-01 6.5350004945e-01 5.1539080088e-01 5.1539333387e-01 5.1540093327e-01 5.1541360026e-01 233 5 30
2.5118864315e+01 0.012997% 3.3135242803e+01 6.6279099777e+01 8.6141716084e-03 1.7809963866e+02 0.003156% 3.2203990823e+01 6.4410014245e+01 2.0325987057e-03 4.9407841401e+02 0.002701% 3.0954362175e+01 6.1910396539e+01 1.6721885714e-03 8.2848869556e-01 7.6538987779e-01 7.6540641907e-01 6.5347896820e-01 6.5348280491e-01 6.5349431913e-01 5.1540152759e-01 5.1540383739e-01 5.1541076713e-01 5.1542231780e-01 228 5 30
2.7542287033e+01 0.011855% 3.3142308614e+01 6.6292476453e+01 7.8592256820e-03 1.9531997380e+02 0.002878% 3.2204635675e+01 6.4411124782e+01 1.8534314694e-03 5.4181258901e+02 0.002463% 3.0957878515e+01 6.1917282163e+01 1.5251336013e-03 8.2846898632e-01 7.6538408124e-01 7.6539916692e-01 6.5347543997e-01 6.5347893857e-01 6.5348943778e-01 5.1541106081e-01 5.1541316711e-01 5.1541948629e-01 5.1543001917e-01 172 4 24
3.0199517204e+01 0.010814% 3.3148850294e+01 6.6304870853e+01 7.1702649146e-03 2.1420297976e+02 0.002624% 3.2205106769e+01 6.4411903588e+01 1.6900507907e-03 5.9415146119e+02 0.002246% 3.0961218427e+01 6.1923827871e+01 1.3910171111e-03 8.2845087953e-01 7.6537883772e-01 7.6539259596e-01 6.5347191266e-01 6.5347510296e-01 6.5348467668e-01 5.1541997639e-01 5.1542189714e-01 5.1542765961e-01 5.1543726450e-01 172 4 24
3.3113112148e+01 0.009864% 3.3154831194e+01 6.6316203890e+01 6.5415031418e-03 2.3490797317e+02 0.002393% 3.2205522490e+01 6.4412586073e+01 1.5410922520e-03 6.5153990069e+02 0.002049% 3.0964278250e+01 6.1929825190e+01 1.2686894638e-03 8.2843435317e-01 7.6537406549e-01 7.6538661310e-01 6.5346866291e-01 6.5347157210e-01 6.5348030205e-01 5.1542812823e-01 5.1542987979e-01 5.1543513466e-01 5.1544389341e-01 173 4 24
3.6307805477e+01 0.008997% 3.3160289987e+01 6.6326547682e+01 5.9677070494e-03 2.5761059325e+02 0.002182% 3.2205899383e+01 6.4413204049e+01 1.4052824005e-03 7.1446511530e+02 0.001868% 3.0967070459e+01 6.1935298032e+01 1.1571141478e-03 8.2841928046e-01 7.6536971656e-01 7.6538116008e-01 6.5346569526e-01 6.5346834815e-01 6.5347630879e-01 5.1543556392e-01 5.1543716120e-01 5.1544195323e-01 5.1544994046e-01 209 4 24
3.9810717055e+01 0.008207% 3.3165271070e+01 6.6335986239e+01 5.4440995682e-03 2.8250354904e+02 0.001989% 3.2206242207e+01 6.4413765871e+01 1.2814575898e-03 7.8346128326e+02 0.001704% 3.0969617313e+01 6.1940289973e+01 1.0553468545e-03 8.2840553462e-01 7.6536575262e-01 7.6537618919e-01 6.5346298795e-01 6.5346540715e-01 6.5347266637e-01 5.1544234461e-01 5.1544380123e-01 5.1544817121e-01 5.1545545496e-01 209 4 24
4.3651583224e+01 0.007486% 3.3169815949e+01 6.6344598214e+01 4.9663146686e-03 3.0979815610e+02 0.001814% 3.2206554210e+01 6.4414276978e+01 1.1685573959e-03 8.5911411597e+02 0.001554% 3.0971940242e+01 6.1944843010e+01 9.6252616690e-04 8.2839299890e-01 7.6536213933e-01 7.6537165757e-01 6.5346051846e-01 6.5346272457e-01 6.5346934426e-01 5.1544852790e-01 5.1544985625e-01 5.1545384139e-01 5.1546048366e-01 171 4 24
4.7863009232e+01 0.006828% 3.3173962651e+01 6.6352455663e+01 4.5303621864e-03 3.3972611915e+02 0.001654% 3.2206838226e+01 6.4414742068e+01 1.0656156547e-03 9.4206583307e+02 0.001417% 3.0974058908e+01 6.1948995682e+01 8.7786620379e-04 8.2838156673e-01 7.6535884554e-01 7.6536752625e-01 6.5345826596e-01 6.5346027777e-01 6.5346631432e-01 5.1545416646e-01 5.1545537784e-01 5.1545901206e-01 5.1546506940e-01 170 4 24
5.2480746025e+01 0.006228% 3.3177657491e+01 6.6359447550e+01 4.1325672894e-03 3.7253935809e+02 0.001509% 3.2207214527e+01 6.4415400833e+01 9.7177877072e-04 1.0330222964e+03 0.001292% 3.0975844808e+01 6.1952490294e+01 8.0067821954e-04 8.2837128777e-01 7.6535582529e-01 7.6536374216e-01 6.5345654454e-01 6.5345837921e-01 6.5346388415e-01 5.1545905673e-01 5.1546016149e-01 5.1546347583e-01 5.1546899999e-01 138 3 18
5.7543993734e+01 0.005680% 3.3181095322e+01 6.6365960297e+01 3.7696531867e-03 4.0852019518e+02 0.001376% 3.2207464280e+01 6.4415814752e+01 8.8619140464e-04 1.1327524185e+03 0.001179% 3.0977593866e+01 6.1955917981e+01 7.3024864466e-04 8.2836179364e-01 7.6535307699e-01 7.6536029725e-01 6.5345470352e-01 6.5345637663e-01 6.5346139674e-01 5.1546372486e-01 5.1546473235e-01 5.1546775488e-01 5.1547279264e-01 138 3 18
6.3095734448e+01 0.005181% 3.3184249082e+01 6.6371936724e+01 3.4385590889e-03 4.4797288470e+02 0.001255% 3.2207671692e+01 6.4416151530e+01 8.0814554558e-04 1.2421042039e+03 0.001075% 3.0979210532e+01 6.1959087077e+01 6.6601366855e-04 8.2835311328e-01 7.6535058137e-01 7.6535716630e-01 6.5345297350e-01 6.5345449928e-01 6.5345907729e-01 5.1546801703e-01 5.1546893582e-01 5.1547169225e-01 5.1547628646e-01 153 3 18
6.9183097092e+01 0.004725% 3.3187129462e+01 6.6377395422e+01 3.1364989573e-03 4.9123200987e+02 0.001144% 3.2207856880e+01 6.4416450737e+01 7.3697822615e-04 1.3620060521e+03 0.000980% 3.0980688917e+01 6.1961985261e+01 6.0742765810e-04 8.2834519294e-01 7.6534830806e-01 7.6535431358e-01 6.5345138625e-01 6.5345277769e-01 6.5345695256e-01 5.1547193759e-01 5.1547277550e-01 5.1547528926e-01 5.1547947900e-01 152 3 18
7.5857757503e+01 0.004310% 3.3189757697e+01 6.6382376328e+01 2.8609337713e-03 5.3866473059e+02 0.001043% 3.2208024874e+01 6.4416721831e+01 6.7208272751e-04 1.4934758321e+03 0.000894% 3.0982037988e+01 6.1964629970e+01 5.5399391769e-04 8.2833796899e-01 7.6534623577e-01 7.6535171286e-01 6.5344993683e-01 6.5345120577e-01 6.5345501302e-01 5.1547551408e-01 5.1547627823e-01 5.1547857069e-01 5.1548239159e-01 134 3 18
8.3176377110e+01 0.003931% 3.3192155367e+01 6.6386920280e+01 2.6095460488e-03 5.9067369120e+02 0.000951% 3.2208177780e+01 6.4416968466e+01 6.1290561221e-04 1.6376295990e+03 0.000815% 3.0983268533e+01 6.1967042325e+01 5.0525952741e-04 8.2833138070e-01 7.6534434641e-01 7.6534934157e-01 6.5344861453e-01 6.5344977175e-01 6.5345324378e-01 5.1547877588e-01 5.1547947275e-01 5.1548156342e-01 5.1548504796e-01 134 3 18
9.1201083936e+01 0.003585% 3.3194342571e+01 6.6391065362e+01 2.3802200380e-03 6.4770039488e+02 0.000868% 3.2208317057e+01 6.4417193057e+01 5.5894234616e-04 1.7956910801e+03 0.000744% 3.0984390866e+01 6.1969242543e+01 4.6081136918e-04 8.2832537224e-01 7.6534262374e-01 7.6534717938e-01 6.5344740843e-01 6.5344846378e-01 6.5345163012e-01 5.1548175052e-01 5.1548238606e-01 5.1548429269e-01 5.1548747050e-01 134 3 18
1.0000000000e+02 0.003270% 3.3196337731e+01 6.6394846487e+01 2.1710242253e-03 7.1022894280e+02 0.000791% 3.2208443948e+01 6.4417397630e+01 5.0973301031e-04 1.9690020649e+03 0.000678% 3.0985414482e+01 6.1971249238e+01 4.2027261547e-04 8.2831989257e-01 7.6534105302e-01 7.6534520780e-01 6.5344630837e-01 6.5344727081e-01 6.5345015840e-01 5.1548446329e-01 5.1548504289e-01 5.1548678169e-01 5.1548967978e-01 135 3 18
1.0964781961e+02 0.002982% 3.3198157674e+01 6.6398295544e+01 1.9801954313e-03 7.7879014190e+02 0.000722% 3.2208559569e+01 6.4417583996e+01 4.6485834558e-04 2.1590337967e+03 0.000618% 3.0986348060e+01 6.1973079420e+01 3.8329954282e-04 8.2831489516e-01 7.6533962080e-01 7.6534341001e-01 6.5344530504e-01 6.5344618276e-01 6.5344881614e-01 5.1548693724e-01 5.1548746582e-01 5.1548905158e-01 5.1549169457e-01 135 3 18
1.2022644346e+02 0.002720% 3.3199760261e+01 6.6401326705e+01 1.8061820703e-03 8.5396266142e+02 0.000658% 3.2208748612e+01 6.4417921248e+01 4.2402330648e-04 2.3674040080e+03 0.000564% 3.0987071707e+01 6.1974493201e+01 3.4978805892e-04 8.2831048027e-01 7.6533834721e-01 7.6534180312e-01 6.5344466498e-01 6.5344546558e-01 6.5344786756e-01 5.1548896147e-01 5.1548944378e-01 5.1549089070e-01 5.1549330230e-01 108 2 12
1.3182567386e+02 0.002481% 3.3201250132e+01 6.6404147655e+01 1.6473911476e-03 9.3638967270e+02 0.000600% 3.2208872731e+01 6.4418132162e+01 3.8669963819e-04 2.5958732007e+03 0.000515% 3.0987819724e+01 6.1975958464e+01 3.1901546125e-04 8.2830635129e-01 7.6533713965e-01 7.6534029148e-01 6.5344389918e-01 6.5344462931e-01 6.5344681986e-01 5.1549097321e-01 5.1549141306e-01 5.1549273264e-01 5.1549493199e-01 104 2 12
1.4454397707e+02 0.002263% 3.3202628026e+01 6.6406758604e+01 1.5025522349e-03 1.0267703156e+03 0.000547% 3.2208962393e+01 6.4418277446e+01 3.5266089362e-04 2.8463840421e+03 0.000469% 3.0988528989e+01 6.1977348928e+01 2.9094926574e-04 8.2830255862e-01 7.6533604628e-01 7.6533892078e-01 6.5344313792e-01 6.5344380379e-01 6.5344580152e-01 5.1549285326e-01 5.1549325440e-01 5.1549445785e-01 5.1549646362e-01 112 2 12
1.5848931925e+02 0.002064% 3.3203891876e+01 6.6409154191e+01 1.3704394649e-03 1.1258712025e+03 0.000499% 3.2209036035e+01 6.4418393690e+01 3.2161896968e-04 3.1210635820e+03 0.000428% 3.0989184489e+01 6.1978634331e+01 2.6535215092e-04 8.2829909089e-01 7.6533505328e-01 7.6533767486e-01 6.5344242316e-01 6.5344303042e-01 6.5344485231e-01 5.1549458198e-01 5.1549494782e-01 5.1549604535e-01 5.1549787459e-01 97 2 12
1.7378008287e+02 0.001882% 3.3205046988e+01 6.6411343912e+01 1.2499354351e-03 1.2345333421e+03 0.000455% 3.2209100517e+01 6.4418494345e+01 2.9331020388e-04 3.4222436735e+03 0.000390% 3.0989785099e+01 6.1979812205e+01 2.4200680819e-04 8.2829592547e-01 7.6533414918e-01 7.6533654008e-01 6.5344176466e-01 6.5344231848e-01 6.5344398001e-01 5.1549616306e-01 5.1549649671e-01 5.1549749764e-01 5.1549916590e-01 97 2 12
1.9054607180e+02 0.001717% 3.3206101335e+01 6.6413342690e+01 1.1400211319e-03 1.3536790757e+03 0.000415% 3.2209158437e+01 6.4418584367e+01 2.6749390477e-04 3.7524810709e+03 0.000356% 3.0990333765e+01 6.1980888246e+01 2.2071515158e-04 8.2829303768e-01 7.6533332519e-01 7.6533550572e-01 6.5344116195e-01 6.5344166702e-01 6.5344318231e-01 5.1549760645e-01 5.1549791073e-01 5.1549882358e-01 5.1550034501e-01 96 2 12
2.0892961309e+02 0.001566% 3.3207063250e+01 6.6415166266e+01 1.0397669493e-03 1.4843198016e+03 0.000379% 3.2209210954e+01 6.4418665858e+01 2.4395052285e-04 4.1145791798e+03 0.000325% 3.0990834452e+01 6.1981870200e+01 2.0129654400e-04 8.2829040372e-01 7.6533257393e-01 7.6533456260e-01 6.5344061157e-01 6.5344107219e-01 6.5344245411e-01 5.1549892326e-01 5.1549920077e-01 5.1550003328e-01 5.1550142082e-01 97 2 12
2.2908676528e+02 0.001428% 3.3207940685e+01 6.6416829696e+01 9.4832475515e-04 1.6275645216e+03 0.000345% 3.2209258735e+01 6.4418739951e+01 2.2247984593e-04 4.5116118670e+03 0.000296% 3.0991291183e+01 6.1982765953e+01 1.8358623905e-04 8.2828800145e-01 7.6533188890e-01 7.6533370259e-01 6.5344010937e-01 6.5344052945e-01 6.5344178975e-01 5.1550012434e-01 5.1550037742e-01 5.1550113667e-01 5.1550240210e-01 97 2 12
2.5118864315e+02 0.001302% 3.3208741008e+01 6.6418346938e+01 8.6492074660e-04 1.7846292409e+03 0.000315% 3.2209302263e+01 6.4418807425e+01 2.0289930898e-04 4.9469495581e+03 0.000270% 3.0991707763e+01 6.1983582961e+01 1.6743397850e-04 8.2828581053e-01 7.6533126422e-01 7.6533291832e-01 6.5343965128e-01 6.5344003439e-01 6.5344118377e-01 5.1550121975e-01 5.1550145056e-01 5.1550214300e-01 5.1550329706e-01 97 2 12
2.7542287033e+02 0.001188% 3.3209470976e+01 6.6419730800e+01 7.8884894938e-04 1.9568472860e+03 0.000287% 3.2209341933e+01 6.4418868908e+01 1.8504244063e-04 5.4242878505e+03 0.000246% 3.0992087704e+01 6.1984328111e+01 1.5270271653e-04 8.2828381240e-01 7.6533069456e-01 7.6533220312e-01 6.5343923346e-01 6.5343958286e-01 6.5344063108e-01 5.1550221878e-01 5.1550242928e-01 5.1550306078e-01 5.1550411329e-01 97 2 12
3.0199517204e+02 0.001083% 3.3210136762e+01 6.6420992990e+01 7.1946528929e-04 2.1456806215e+03 0.000262% 3.2209378094e+01 6.4418924946e+01 1.6875744367e-04 5.9476788863e+03 0.000225% 3.0992434221e+01 6.1985007710e+01 1.3926745854e-04 8.2828199009e-01 7.6533017507e-01 7.6533155089e-01 6.5343885238e-01 6.5343917103e-01 6.5344012701e-01 5.1550312989e-01 5.1550332187e-01 5.1550389780e-01 5.1550485768e-01 97 2 12
3.3113112148e+02 0.000988% 3.3210744006e+01 6.6422144195e+01 6.5618218461e-04 2.3527322601e+03 0.000239% 3.2209411060e+01 6.4418976027e+01 1.5390589940e-04 6.5215657504e+03 0.000205% 3.0992750253e+01 6.1985627521e+01 1.2701420180e-04 8.2828032813e-01 7.6532970132e-01 7.6533095609e-01 6.5343850483e-01 6.5343879544e-01 6.5343966728e-01 5.1550396083e-01 5.1550413591e-01 5.1550466115e-01 5.1550553657e-01 101 2 12
3.6307805477e+02 0.000901% 3.3211297852e+01 6.6423194167e+01 5.9846359995e-04 2.5797598705e+03 0.000218% 3.2209441115e+01 6.4419022592e+01 1.4036158711e-04 7.1508201888e+03 0.000187% 3.0993038482e+01 6.1986192802e+01 1.1583896915e-04 8.2827881242e-01 7.6532926929e-01 7.6533041365e-01 6.5343818785e-01 6.5343845288e-01 6.5343924800e-01 5.1550471864e-01 5.1550487831e-01 5.1550535734e-01 5.1550615572e-01 101 2 12
3.9810717055e+02 0.000822% 3.3211802991e+01 6.6424151803e+01 5.4582054176e-04 2.8286906980e+03 0.000199% 3.2209468517e+01 6.4419065043e+01 1.2800940788e-04 7.8407839649e+03 0.000170% 3.0993301351e+01 6.1986708349e+01 1.0564692805e-04 8.2827743008e-01 7.6532887530e-01 7.6532991896e-01 6.5343789875e-01 6.5343814046e-01 6.5343886561e-01 5.1550540976e-01 5.1550555538e-01 5.1550599225e-01 5.1550672038e-01 97 2 12
4.3651583224e+02 0.000749% 3.3212263706e+01 6.6425025220e+01 4.9780693695e-04 3.1016379252e+03 0.000181% 3.2209493500e+01 6.4419103745e+01 1.1674440276e-04 8.5973142056e+03 0.000155% 3.0993541093e+01 6.1987178538e+01 9.6351586463e-05 8.2827616937e-01 7.6532851599e-01 7.6532946782e-01 6.5343763509e-01 6.5343785553e-01 6.5343851687e-01 5.1550604006e-01 5.1550617287e-01 5.1550657130e-01 5.1550723535e-01 96 2 12
4.7863009232e+02 0.000683% 3.3212683902e+01 6.6425821820e+01 4.5401587568e-04 3.4009186110e+03 0.000165% 3.2209516279e+01 6.4419139029e+01 1.0647085919e-04 9.4268331230e+03 0.000142% 3.0993759743e+01 6.1987607359e+01 8.7874059619e-05 8.2827501960e-01 7.6532818831e-01 7.6532905640e-01 6.5343739462e-01 6.5343759566e-01 6.5343819880e-01 5.1550661490e-01 5.1550673602e-01 5.1550709939e-01 5.1550770501e-01 98 2 12
5.2480746025e+02 0.000623% 3.3213067140e+01 6.6426548357e+01 4.1407617799e-04 3.7290733596e+03 0.000151% 3.2209537049e+01 6.4419171200e+01 9.7101495023e-05 1.0336382533e+04 0.000129% 3.0993959154e+01 6.1987998451e+01 8.0142401318e-05 8.2827397100e-01 7.6532788948e-01 7.6532868119e-01 6.5343717531e-01 6.5343735866e-01 6.5343790872e-01 5.1550713915e-01 5.1550724961e-01 5.1550758101e-01 5.1550813333e-01 97 2 12
5.7543993734e+02 0.000569% 3.3213416670e+01 6.6427210990e+01 3.7764926396e-04 4.0888878883e+03 0.000137% 3.2209555987e+01 6.4419200531e+01 8.8556715438e-05 1.1333683632e+04 0.000118% 3.0994141021e+01 6.1988355134e+01 7.3090993449e-05 8.2827301467e-01 7.6532761696e-01 7.6532833900e-01 6.5343697529e-01 6.5343714251e-01 6.5343764417e-01 5.1550761727e-01 5.1550771801e-01 5.1550802025e-01 5.1550852397e-01 97 2 12
6.3095734448e+02 0.000520% 3.3213706686e+01 6.6427758492e+01 3.4511965246e-04 4.4834103179e+03 0.000126% 3.2209594577e+01 6.4419270237e+01 8.1083081266e-05 1.2427210622e+04 0.000108% 3.0994251566e+01 6.1988570286e+01 6.7155192731e-05 8.2827224756e-01 7.6532741563e-01 7.6532807546e-01 6.5343689647e-01 6.5343704952e-01 6.5343750869e-01 5.1550794048e-01 5.1550803297e-01 5.1550831043e-01 5.1550877286e-01 61 1 6
6.9183097092e+02 0.000474% 3.3213984929e+01 6.6428284630e+01 3.1477163966e-04 4.9159976232e+03 0.000115% 3.2209629321e+01 6.4419332605e+01 7.3963958042e-05 1.3626235844e+04 0.000099% 3.0994377766e+01 6.1988816819e+01 6.1287184168e-05 8.2827147570e-01 7.6532718914e-01 7.6532779095e-01 6.5343678640e-01 6.5343692601e-01 6.5343734485e-01 5.1550829459e-01 5.1550837898e-01 5.1550863217e-01 5.1550905414e-01 61 1 6
7.5857757503e+02 0.000432% 3.3214242770e+01 6.6428772619e+01 2.8707971649e-04 5.3903218130e+03 0.000105% 3.2209654072e+01 6.4419375600e+01 6.7456407691e-05 1.4940937151e+04 0.000090% 3.0994506145e+01 6.1989068189e+01 5.5898008809e-05 8.2827075570e-01 7.6532697480e-01 7.6532752365e-01 6.5343665886e-01 6.5343678618e-01 6.5343716817e-01 5.1550864277e-01 5.1550871974e-01 5.1550895066e-01 5.1550933553e-01 61 1 6
8.3176377110e+02 0.000394% 3.3214481801e+01 6.6429225425e+01 2.6182349510e-04 5.9104094856e+03 0.000096% 3.2209671145e+01 6.4419403811e+01 6.1520629947e-05 1.6382476913e+04 0.000082% 3.0994630514e+01 6.1989312009e+01 5.0979961876e-05 8.2827009176e-01 7.6532677928e-01 7.6532727984e-01 6.5343652624e-01 6.5343664237e-01 6.5343699074e-01 5.1550897303e-01 5.1550904323e-01 5.1550925383e-01 5.1550960483e-01 61 1 6
9.1201083936e+02 0.000359% 3.3214702623e+01 6.6429644034e+01 2.3878898554e-04 6.4806754245e+03 0.000087% 3.2209683202e+01 6.4419422511e+01 5.6107117970e-05 1.7963093191e+04 0.000075% 3.0994748013e+01 6.1989542520e+01 4.6494398860e-05 8.2826948218e-01 7.6532660209e-01 7.6532705860e-01 6.5343639587e-01 6.5343650177e-01 6.5343681949e-01 5.1550928107e-01 5.1550934510e-01 5.1550953716e-01 5.1550985728e-01 61 1 6
1.0000000000e+03 0.000328% 3.3214905798e+01 6.6430029377e+01 2.1778077582e-04 7.1059603630e+03 0.000079% 3.2209692101e+01 6.4419435372e+01 5.1169975885e-05 1.9696204184e+04 0.000068% 3.0994857469e+01 6.1989757342e+01 4.2403488198e-05 8.2826892391e-01 7.6532644141e-01 7.6532685776e-01 6.5343627156e-01 6.5343636814e-01 6.5343665790e-01 5.1550956580e-01 5.1550962419e-01 5.1550979936e-01 5.1551009130e-01 60 1 6
