1.0000000000e-03 -0.000467% 3.2667381849e-02 6.5334458376e-02 -3.0532118119e-07 6.6322357844e-03 -0.001967% 2.2654746795e-01 4.5308602155e-01 -8.9143539054e-06 2.2563710322e-02 0.010694% 5.7462422961e-01 1.1493713748e+00 1.2291555032e-04 8.3661291299e-01 7.7209549844e-01 7.7208869046e-01 6.6505668313e-01 6.6504341515e-01 6.6500368803e-01 5.0301048217e-01 5.0304231894e-01 5.0313772291e-01 5.0329637613e-01 1497 4 126
1.0964781961e-03 -0.000502% 3.5822329483e-02 7.1644299621e-02 -3.5934480058e-07 7.2748757021e-03 -0.002088% 2.4834872505e-01 4.9668707757e-01 -1.0372526570e-05 2.4734883120e-02 0.011441% 6.2950966823e-01 1.2591633947e+00 1.4405825856e-04 8.3659458226e-01 7.7208680994e-01 7.7207950671e-01 6.6502342015e-01 6.6500936221e-01 6.6496727545e-01 5.0303342627e-01 5.0306737637e-01 5.0316910593e-01 5.0333825402e-01 950 2 82
1.2022644346e-03 -0.000538% 3.9282189504e-02 7.8563956249e-02 -4.2275902632e-07 7.9800115098e-03 -0.002215% 2.7224137083e-01 5.4447068377e-01 -1.2057892581e-05 2.7114468353e-02 0.012235% 6.8957669614e-01 1.3793221480e+00 1.6875568307e-04 8.3657485881e-01 7.7207743170e-01 7.7206960073e-01 6.6498759277e-01 6.6497271401e-01 6.6492817617e-01 5.0305829332e-01 5.0309447171e-01 5.0320287000e-01 5.0338307908e-01 923 2 78
1.3182567386e-03 -0.000577% 4.3076459079e-02 8.6152420994e-02 -4.9716390321e-07 8.7537591122e-03 -0.002346% 2.9842461136e-01 5.9683521954e-01 -1.4003184633e-05 2.9722380149e-02 0.013078% 7.5530200915e-01 1.5108016069e+00 1.9758854979e-04 8.3655364573e-01 7.7206731144e-01 7.7205891847e-01 6.6494901923e-01 6.6493328987e-01 6.6488621288e-01 5.0308523616e-01 5.0312376094e-01 5.0323918030e-01 5.0343103127e-01 943 2 80
1.4454397707e-03 -0.000619% 4.7237492381e-02 9.4474400346e-02 -5.8441569943e-07 9.6028393432e-03 -0.002483% 3.2711632538e-01 6.5421640533e-01 -1.6245436786e-05 3.2580419419e-02 0.013975% 8.2720360692e-01 1.6546384431e+00 2.3122923249e-04 8.3653084028e-01 7.7205639385e-01 7.7204740294e-01 6.6490750642e-01 6.6489089796e-01 6.6484119775e-01 5.0311441879e-01 5.0315541086e-01 5.0327821193e-01 5.0348229888e-01 914 2 78
1.5848931925e-03 -0.000663% 5.1800776404e-02 1.0360086613e-01 -6.8668072986e-07 1.0534638406e-02 -0.002625% 3.5855474345e-01 7.1709066079e-01 -1.8826121745e-05 3.5712449507e-02 0.014926% 9.0584382772e-01 1.8119581108e+00 2.7045530840e-04 8.3650633389e-01 7.7204461944e-01 7.7203499284e-01 6.6486285016e-01 6.6484533594e-01 6.6479293408e-01 5.0314601669e-01 5.0318959936e-01 5.0332014979e-01 5.0353707790e-01 868 2 76
1.7378008287e-03 -0.000710% 5.6805234535e-02 1.1360966259e-01 -8.0647740920e-07 1.1557274926e-02 -0.002773% 3.9300027123e-01 7.8597875081e-01 -2.1791654391e-05 3.9144588261e-02 0.015936% 9.9183251250e-01 1.9839811903e+00 3.1616529377e-04 8.3648001207e-01 7.7203192479e-01 7.7202162299e-01 6.6481483486e-01 6.6479639054e-01 6.6474121558e-01 5.0318021723e-01 5.0322651576e-01 5.0336518877e-01 5.0359557188e-01 892 2 78
1.9054607180e-03 -0.000760% 6.2293558921e-02 1.2458617111e-01 -9.4673224051e-07 1.2679673750e-02 -0.002925% 4.3073745582e-01 8.6144971794e-01 -2.5193703196e-05 4.2905417178e-02 0.017007% 1.0858302517e+00 2.1720298994e+00 3.6939610356e-04 8.3645175425e-01 7.7201824231e-01 7.7200722399e-01 6.6476323324e-01 6.6474383733e-01 6.6468582653e-01 5.0321722050e-01 5.0326636143e-01 5.0341353402e-01 5.0365799155e-01 834 2 76
2.0892961309e-03 -0.000813% 6.8312574775e-02 1.3662403871e-01 -1.1108428828e-06 1.3911647325e-02 -0.003081% 4.7207710553e-01 9.4412512150e-01 -2.9089560908e-05 4.7026209434e-02 0.018142% 1.1885516882e+00 2.3775347198e+00 4.3134350380e-04 8.3642143368e-01 7.7200349999e-01 7.7199172205e-01 6.6470780621e-01 6.6468744066e-01 6.6462654174e-01 5.0325723953e-01 5.0330935008e-01 5.0346540102e-01 5.0372455474e-01 853 2 76
2.2908676528e-03 -0.000870% 7.4913640875e-02 1.4982597900e-01 -1.3027502971e-06 1.5263986087e-02 -0.003242% 5.1735857629e-01 1.0346836100e+00 -3.3542625515e-05 5.1541177451e-02 0.019346% 1.3007688653e+00 2.6020411172e+00 5.0338663282e-04 8.3638891583e-01 7.7198762077e-01 7.7197503835e-01 6.6464829984e-01 6.6462695058e-01 6.6456312323e-01 5.0330050274e-01 5.0335571025e-01 5.0352101841e-01 5.0379548959e-01 1248 3 114
2.5118864315e-03 -0.000929% 8.2153081902e-02 1.6430463678e-01 -1.5270200282e-06 1.6748555007e-02 -0.003406% 5.6695219271e-01 1.1338657637e+00 -3.8621690738e-05 5.6487746523e-02 0.020620% 1.4233143938e+00 2.8472158936e+00 5.8710590911e-04 8.3635406446e-01 7.7197052395e-01 7.7195709048e-01 6.6458445680e-01 6.6456211488e-01 6.6449533424e-01 5.0334724723e-01 5.0340567759e-01 5.0358061738e-01 5.0387101921e-01 1236 3 111
2.7542287033e-03 -0.000993% 9.0092674196e-02 1.8018355945e-01 -1.7889379951e-06 1.8378406116e-02 -0.003574% 6.2126190007e-01 1.2424793979e+00 -4.4402253833e-05 6.1906845069e-02 0.021970% 1.5570847793e+00 3.1148538810e+00 6.8432249230e-04 8.3631673300e-01 7.7195212269e-01 7.7193778996e-01 6.6451600031e-01 6.6449266227e-01 6.6442292002e-01 5.0339772916e-01 5.0345950643e-01 5.0364444657e-01 5.0395138216e-01 1093 3 102
3.0199517204e-03 -0.001060% 9.8800165644e-02 1.9759823668e-01 -2.0946115433e-06 2.0167896761e-02 -0.003744% 6.8072803337e-01 1.3614051011e+00 -5.0965602144e-05 6.7843227808e-02 0.023397% 1.7030433042e+00 3.4068837319e+00 7.9712344540e-04 8.3627677024e-01 7.7193232526e-01 7.7191704351e-01 6.6444264477e-01 6.6441831362e-01 6.6434562089e-01 5.0345221760e-01 5.0351746268e-01 5.0371276224e-01 5.0403681812e-01 1160 3 105
3.3113112148e-03 -0.001131% 1.0834985036e-01 2.1669724962e-01 -2.4510953599e-06 2.2132822825e-02 -0.003915% 7.4583028816e-01 1.4916021777e+00 -5.8398621220e-05 7.4345823801e-02 0.024908% 1.8622227363e+00 3.7253733716e+00 9.2789893589e-04 8.3623401913e-01 7.7191103451e-01 7.7189475254e-01 6.6436409381e-01 6.6433877993e-01 6.6426316991e-01 5.0351099611e-01 5.0357982550e-01 5.0378583019e-01 5.0412757015e-01 1104 3 102
3.6307805477e-03 -0.001206% 1.1882319591e-01 2.3764352530e-01 -2.8665228508e-06 2.4290565004e-02 -0.004087% 8.1709085700e-01 1.6341149210e+00 -6.6793053429e-05 8.1468115708e-02 0.026504% 2.0357275855e+00 4.0725345518e+00 1.0793808430e-03 8.3618831729e-01 7.7188814772e-01 7.7187081309e-01 6.6428004121e-01 6.6425376328e-01 6.6417529410e-01 5.0357436266e-01 5.0364688702e-01 5.0386392494e-01 5.0422388313e-01 1102 3 102
3.9810717055e-03 -0.001286% 1.3030952949e-01 2.6061570872e-01 -3.3502609457e-06 2.6660250259e-02 -0.004259% 8.9507773312e-01 1.7900792218e+00 -7.6244483709e-05 8.9268551784e-02 0.028191% 2.2247357963e+00 4.4507262790e+00 1.2546864312e-03 8.3613949712e-01 7.7186355643e-01 7.7184511559e-01 6.6419017142e-01 6.6416295741e-01 6.6408171494e-01 5.0364262952e-01 5.0371895220e-01 5.0394732946e-01 5.0432600316e-01 1143 3 99
4.3651583224e-03 -0.001369% 1.4290678688e-01 2.8580966068e-01 -3.9130725906e-06 2.9262929443e-02 -0.004430% 9.8040816405e-01 1.9607294776e+00 -8.6850546931e-05 9.7810994032e-02 0.029972% 2.4304996685e+00 4.8624567004e+00 1.4573634986e-03 8.3608738657e-01 7.7183714634e-01 7.7181754493e-01 6.6409416129e-01 6.6406604949e-01 6.6398215044e-01 5.0371612263e-01 5.0379633796e-01 5.0403633367e-01 5.0443417509e-01 1078 3 99
4.7863009232e-03 -0.001457% 1.5672233147e-01 3.1344009564e-01 -4.5673027760e-06 3.2121773561e-02 -0.004597% 1.0737522464e+00 2.1474057837e+00 -9.8709031800e-05 1.0716520508e-01 0.031852% 2.6543458257e+00 5.3103830920e+00 1.6914404664e-03 8.3603180981e-01 7.7180879763e-01 7.7178798083e-01 6.6399168134e-01 6.6396272127e-01 6.6387631588e-01 5.0379518095e-01 5.0387937251e-01 5.0413123345e-01 5.0454864120e-01 982 3 93
5.2480746025e-03 -0.001550% 1.7187384098e-01 3.4374235480e-01 -5.3271726167e-06 3.5262287424e-02 -0.004759% 1.1758365897e+00 2.3515612668e+00 -1.1191267618e-04 1.1740737420e-01 0.033834% 2.8976738590e+00 5.7973091955e+00 1.9614775309e-03 8.3597258792e-01 7.7177838281e-01 7.7175629531e-01 6.6388239804e-01 6.6385265197e-01 6.6376392844e-01 5.0388015544e-01 5.0396839410e-01 5.0423232912e-01 5.0466963894e-01 956 3 90
5.7543993734e-03 -0.001647% 1.8849029106e-01 3.7697437329e-01 -6.2088241317e-06 3.8712551024e-02 -0.004915% 1.2874481478e+00 2.5747697468e+00 -1.2654867118e-04 1.2862069627e-01 0.035924% 3.1619536989e+00 6.3261800186e+00 2.2726207101e-03 8.3590954002e-01 7.7174577097e-01 7.7172235792e-01 6.6376597536e-01 6.6373551866e-01 6.6364470412e-01 5.0397140780e-01 5.0406374971e-01 5.0433992369e-01 5.0479739882e-01 964 3 93
6.3095734448e-03 -0.001749% 2.0671300217e-01 4.1341877357e-01 -7.2307664166e-06 4.2503476388e-02 -0.005062% 1.4094379370e+00 2.8187331849e+00 -1.4268921637e-04 1.4089598953e-01 0.038125% 3.4487207914e+00 6.9000722369e+00 2.6306541059e-03 8.3584248440e-01 7.7171082357e-01 7.7168603070e-01 6.6364207840e-01 6.6361100096e-01 6.6351836570e-01 5.0406930855e-01 5.0416579301e-01 5.0445432061e-01 5.0493214156e-01 955 3 90
6.9183097092e-03 -0.001856% 2.2669679635e-01 4.5338517864e-01 -8.4140636093e-06 4.6669096508e-02 -0.005198% 1.5427248127e+00 3.0852892394e+00 -1.6038596695e-04 1.5433237447e-01 0.040441% 3.7595692951e+00 7.5221806414e+00 3.0420512402e-03 8.3577123990e-01 7.7167339672e-01 7.7164717093e-01 6.6351037603e-01 6.6347878308e-01 6.6338464295e-01 5.0417423500e-01 5.0427488226e-01 5.0457582141e-01 5.0507407554e-01 922 3 90
7.5857757503e-03 -0.001967% 2.4861124550e-01 4.9721270835e-01 -9.7826472192e-06 5.1246879683e-02 -0.005321% 1.6882990762e+00 3.3764184921e+00 -1.7966028903e-04 1.6903800768e-01 0.042876% 4.0961425051e+00 8.1957990292e+00 3.5140189808e-03 8.3569562769e-01 7.7163334104e-01 7.7160563104e-01 6.6337054503e-01 6.6333855801e-01 6.6324327678e-01 5.0428656839e-01 5.0439137737e-01 5.0470472252e-01 5.0522339321e-01 957 3 90
8.3176377110e-03 -0.002084% 2.7264202704e-01 5.4527269043e-01 -1.1363642099e-05 5.6278075290e-02 -0.005427% 1.8472258654e+00 3.6942512392e+00 -2.0049166762e-04 1.8513087858e-01 0.045433% 4.4601201855e+00 8.9242949070e+00 4.0545358731e-03 8.3561547281e-01 7.7159050183e-01 7.7156125883e-01 6.6322227379e-01 6.6319003095e-01 6.6309402225e-01 5.0440669095e-01 5.0451563700e-01 5.0484131259e-01 5.0538026869e-01 924 3 87
9.1201083936e-03 -0.002205% 2.9899238928e-01 5.9797159086e-01 -1.3187703062e-05 6.1808091572e-02 -0.005513% 2.0206481785e+00 4.0410735544e+00 -2.2280253084e-04 2.0273967569e-01 0.048114% 4.8532022202e+00 9.7110768091e+00 4.6723687101e-03 8.3553060669e-01 7.7154471966e-01 7.7151389815e-01 6.6306526789e-01 6.6303292492e-01 6.6293665379e-01 5.0453498179e-01 5.0464801437e-01 5.0498586797e-01 5.0554485280e-01 864 3 81
1.0000000000e-02 -0.002332% 3.2788473645e-01 6.5575418353e-01 -1.5289367933e-05 6.7886909901e-02 -0.005576% 2.2097893928e+00 4.4193323450e+00 -2.4644048051e-04 2.2200472712e-01 0.050921% 5.2770881277e+00 1.0559553330e+01 5.3770749573e-03 8.3544086933e-01 7.7149583087e-01 7.7146338948e-01 6.6289925521e-01 6.6286698546e-01 6.6277096908e-01 5.0467181246e-01 5.0478885298e-01 5.0513864892e-01 5.0571727016e-01 991 3 81
1.0964781961e-02 -0.002462% 3.5956233608e-01 7.1910696475e-01 -1.7707416156e-05 7.4569536822e-02 -0.005612% 2.4159550754e+00 4.8316389952e+00 -2.7115562400e-04 2.4307902315e-01 0.053856% 5.7334518299e+00 1.1473082628e+01 6.1789681272e-03 8.3534611199e-01 7.7144366822e-01 7.7140957073e-01 6.6272399202e-01 6.6269198659e-01 6.6259679441e-01 5.0481754205e-01 5.0493848175e-01 5.0529989487e-01 5.0589761452e-01 945 3 75
1.2022644346e-02 -0.002598% 3.9429115584e-01 7.8856182646e-01 -2.0485216037e-05 8.1916497263e-02 -0.005616% 2.6405338671e+00 5.2807711601e+00 -2.9657395384e-04 2.6612932935e-01 0.056918% 6.2239111516e+00 1.2454911350e+01 7.0890468425e-03 8.3524620018e-01 7.7138806195e-01 7.7135227831e-01 6.6253926983e-01 6.6250773724e-01 6.6241399001e-01 5.0497251112e-01 5.0509720912e-01 5.0546981918e-01 5.0608594460e-01 799 3 75
1.3182567386e-02 -0.002737% 4.3236183149e-01 8.6469999190e-01 -2.3671083207e-05 8.9994370765e-02 -0.005584% 2.8849971563e+00 5.7696721480e+00 -3.2216448425e-04 2.9133739820e-01 0.060104% 6.7499915066e+00 1.3508101882e+01 8.1188684466e-03 8.3514101694e-01 7.7132884058e-01 7.7129134810e-01 6.6234492277e-01 6.6231408841e-01 6.6222245632e-01 5.0513703515e-01 5.0526531677e-01 5.0564860337e-01 5.0628227931e-01 848 3 81
1.4454397707e-02 -0.002881% 4.7409177382e-01 9.4815622907e-01 -2.7318562743e-05 9.8876375136e-02 -0.005510% 3.1508972543e+00 6.3014473072e+00 -3.4720144765e-04 3.1890129120e-01 0.063410% 7.3130833879e+00 1.4635447134e+01 9.2803577301e-03 8.3503046630e-01 7.7126583242e-01 7.7122661701e-01 6.6214083540e-01 6.6211094043e-01 6.6202213992e-01 5.0531139720e-01 5.0544305257e-01 5.0583639116e-01 5.0648659325e-01 872 3 75
1.5848931925e-02 -0.003029% 5.1982741064e-01 1.0396233346e+00 -3.1486718923e-05 1.0864299809e-01 -0.005389% 3.4398636768e+00 6.8793566347e+00 -3.7071889660e-04 3.4903682210e-01 0.066830% 7.9143932559e+00 1.5839372043e+01 1.0585531096e-02 8.3491447718e-01 7.7119886698e-01 7.7115792447e-01 6.6192695132e-01 6.6189825118e-01 6.6181304048e-01 5.0549583985e-01 5.0563062289e-01 5.0603328168e-01 5.0669881163e-01 676 3 66
1.7378008287e-02 -0.003179% 5.6994657041e-01 1.1398569006e+00 -3.6240167958e-05 1.1938268175e-01 -0.005215% 3.7535971523e+00 7.5068028455e+00 -3.9145912768e-04 3.8197913661e-01 0.070355% 8.5548877775e+00 1.7121821682e+01 1.2046126719e-02 8.3479300698e-01 7.7112777662e-01 7.7108511432e-01 6.6170328174e-01 6.6167604418e-01 6.6159521738e-01 5.0569055660e-01 5.0582818444e-01 5.0623932285e-01 5.0691880586e-01 749 3 69
1.9054607180e-02 -0.003333% 6.2486099563e-01 1.2496803419e+00 -4.1649365985e-05 1.3119255988e-01 -0.004981% 4.0938608375e+00 8.1873138618e+00 -4.0781322871e-04 4.1798444097e-01 0.073972% 9.2352313891e+00 1.8484135892e+01 1.3673114098e-02 8.3466604632e-01 7.7105239873e-01 7.7100803671e-01 6.6146991477e-01 6.6144441732e-01 6.6136879698e-01 5.0589568258e-01 5.0603583552e-01 5.0645450396e-01 5.0714638832e-01 660 3 63
2.0892961309e-02 -0.003488% 6.8501899175e-01 1.3699901933e+00 -4.7790211669e-05 1.4417925222e-01 -0.004681% 4.4624682913e+00 8.9245188258e+00 -4.1775685763e-04 4.5733190555e-01 0.077664% 9.9557177597e+00 1.9926911612e+01 1.5476092151e-02 8.3453362295e-01 7.7097257779e-01 7.7092655058e-01 6.6122702510e-01 6.6120355195e-01 6.6113397979e-01 5.0611128418e-01 5.0625360636e-01 5.0667874812e-01 5.0738130819e-01 594 3 60
2.2908676528e-02 -0.003645% 7.5090820290e-01 1.5017616618e+00 -5.4743953246e-05 1.5845972121e-01 -0.004307% 4.8612676238e+00 9.7221164741e+00 -4.1877364633e-04 5.0032575569e-01 0.081411% 1.0716196083e+01 2.1449854693e+01 1.7462525779e-02 8.3439580598e-01 7.7088816842e-01 7.7084052639e-01 6.6097488181e-01 6.6095372039e-01 6.6089104723e-01 5.0633735007e-01 5.0648145063e-01 5.0691190531e-01 5.0762324691e-01 603 3 63
2.5118864315e-02 -0.003803% 8.2305860528e-01 1.6460546145e+00 -6.2596082873e-05 1.7416224466e-01 -0.003853% 5.2921215920e+00 1.0583835381e+01 -4.0780306274e-04 5.4729749564e-01 0.085187% 1.1515995941e+01 2.3051628896e+01 1.9637014711e-02 8.3425269750e-01 7.7079903422e-01 7.7074984544e-01 6.6071383380e-01 6.6069526968e-01 6.6064034046e-01 5.0657379835e-01 5.0671925445e-01 5.0715376681e-01 5.0787184123e-01 842 4 88
2.7542287033e-02 -0.003960% 9.0204504467e-01 1.8040186532e+00 -7.1436115681e-05 1.9142717339e-01 -0.003310% 5.7568807126e+00 1.1513380330e+01 -3.8109543957e-04 5.9860875845e-01 0.088961% 1.2353838451e+01 2.4729676651e+01 2.1999748254e-02 8.3410448447e-01 7.7070506344e-01 7.7065441475e-01 6.6044441052e-01 6.6042872492e-01 6.6038237140e-01 5.0682039901e-01 5.0696675581e-01 5.0740397557e-01 5.0812657883e-01 862 4 87
3.0199517204e-02 -0.004115% 9.8849090218e-01 1.9769004491e+00 -8.1355224257e-05 2.1040828758e-01 -0.002671% 6.2573545495e+00 1.2514374874e+01 -3.3422498645e-04 6.5465372575e-01 0.092697% 1.3227771232e+01 2.6480088592e+01 2.4546126999e-02 8.3395137459e-01 7.7060615543e-01 7.7055415414e-01 6.6016719678e-01 6.6015465953e-01 6.6011767959e-01 5.0707685993e-01 5.0722363686e-01 5.0766213710e-01 5.0838693942e-01 735 4 79
3.3113112148e-02 -0.004268% 1.0830708112e+00 2.1660491778e+00 -9.2444604769e-05 2.3127372120e-01 -0.001928% 6.7952732030e+00 1.3590284436e+01 -2.6197032746e-04 7.1586251982e-01 0.096352% 1.4135086709e+01 2.8297438549e+01 2.7265130957e-02 8.3379364230e-01 7.7050223483e-01 7.7044900991e-01 6.5988292209e-01 6.5987378675e-01 6.5984693012e-01 5.0734275795e-01 5.0748945229e-01 5.0792774001e-01 5.0865230234e-01 700 4 76
3.6307805477e-02 -0.004416% 1.1865138598e+00 2.3729229272e+00 -1.0479249680e-04 2.5420719729e-01 -0.001073% 7.3722438719e+00 1.4744329467e+01 -1.5827702377e-04 7.8270463875e-01 0.099879% 1.5072259893e+01 3.0174658037e+01 3.0138252062e-02 8.3363162122e-01 7.7039325283e-01 7.7033895599e-01 6.5959244473e-01 6.5958694293e-01 6.5957089444e-01 5.0761754564e-01 5.0776363780e-01 5.0820016917e-01 5.0892196747e-01 619 4 64
3.9810717055e-02 -0.004559% 1.2996066875e+00 2.5990948946e+00 -1.1848043687e-04 2.7940930051e-01 -0.000102% 7.9897001355e+00 1.5979384035e+01 -1.6236032863e-05 8.5569285089e-01 0.103226% 1.6034899125e+01 3.2102936690e+01 3.3138438748e-02 8.3346570573e-01 7.7027919125e-01 7.7022399775e-01 6.5929675323e-01 6.5929508874e-01 6.5929045113e-01 5.0790054541e-01 5.0804550493e-01 5.0847870306e-01 5.0919515658e-01 666 4 68
4.3651583224e-02 -0.004693% 1.4231965115e+00 2.8462594446e+00 -1.3357842957e-04 3.0709883625e-01 0.000994% 8.6488441228e+00 1.7297860147e+01 1.7190117787e-04 9.3538753831e-01 0.106332% 1.7017717905e+01 3.4071665051e+01 3.6229241749e-02 8.3329635160e-01 7.7016006646e-01 7.7010417562e-01 6.5899696509e-01 6.5899930810e-01 6.5900658499e-01 5.0819094592e-01 5.0833423821e-01 5.0876251289e-01 5.0947101565e-01 583 4 64
4.7863009232e-02 -0.004818% 1.5581940414e+00 3.1162379441e+00 -1.5013869818e-04 3.3751429075e-01 0.002217% 9.3505817552e+00 1.8701578160e+01 4.1464946165e-04 1.0224015483e+00 0.109138% 1.8014534755e+01 3.6068433839e+01 3.9364329464e-02 8.3312407518e-01 7.7003593364e-01 7.6997956897e-01 6.5869432235e-01 6.5870080377e-01 6.5872038311e-01 5.0848780109e-01 5.0862889476e-01 5.0905066396e-01 5.0974861931e-01 603 4 64
5.2480746025e-02 -0.004931% 1.7055761983e+00 3.4109842082e+00 -1.6818827887e-04 3.7091539750e-01 0.003572% 1.0095451482e+01 2.0191624120e+01 7.2115587874e-04 1.1174056030e+00 0.111577% 1.9018308117e+01 3.8079103747e+01 4.2487512724e-02 8.3294945132e-01 7.6990689012e-01 7.6985029895e-01 6.5839018352e-01 6.5840088993e-01 6.5843302902e-01 5.0879003223e-01 5.0892840681e-01 5.0934211959e-01 5.1002697711e-01 623 4 64
5.7543993734e-02 -0.005029% 1.8663886123e+00 3.7325895053e+00 -1.8771918964e-04 4.0758484457e-01 0.005058% 1.0883547617e+01 2.1768196198e+01 1.1009643113e-03 1.2211343477e+00 0.113584% 2.0021213528e+01 4.0087960500e+01 4.5533443761e-02 8.3277310933e-01 7.6977307957e-01 7.6971653230e-01 6.5808601146e-01 6.5810098044e-01 6.5814579213e-01 5.0909643391e-01 5.0923158787e-01 5.0963574809e-01 5.1030504203e-01 588 4 60
6.3095734448e-02 -0.005111% 2.0417477750e+00 4.0832868726e+00 -2.0867738392e-04 4.4783013159e-01 0.006674% 1.1714439572e+01 2.3430442840e+01 1.5636957499e-03 1.3343930842e+00 0.115094% 2.1014768755e+01 4.2077966630e+01 4.8429120199e-02 8.3259572728e-01 7.6963469492e-01 7.6957848351e-01 6.5778335663e-01 6.5780257312e-01 6.5786001501e-01 5.0940568376e-01 5.0953714265e-01 5.0993033297e-01 5.1058172145e-01 550 4 60
6.9183097092e-02 -0.005172% 2.2328427739e+00 4.4654545992e+00 -2.3094858711e-04 4.9198561303e-01 0.008415% 1.2587089160e+01 2.5176296914e+01 2.1185947705e-03 1.4580652642e+00 0.116046% 2.1990011247e+01 4.4031118779e+01 5.1096284958e-02 8.3241802417e-01 7.6949198079e-01 7.6943641687e-01 6.5748383655e-01 6.5750723004e-01 6.5757709614e-01 5.0971635677e-01 5.0984368107e-01 5.1022458655e-01 5.1085589020e-01 498 4 56
7.5857757503e-02 -0.005210% 2.4409365145e+00 4.8816186868e+00 -2.5434216105e-04 5.4041477267e-01 0.010273% 1.3499768719e+01 2.7002311405e+01 2.7739679965e-03 1.5931208147e+00 0.116386% 2.2937729391e+01 4.5928913514e+01 5.3454732853e-02 8.3224075013e-01 7.6934523552e-01 7.6929064775e-01 6.5718911005e-01 6.5721655313e-01 6.5729846926e-01 5.1002694408e-01 5.1014973670e-01 5.1051716711e-01 5.1112640616e-01 511 4 56
8.3176377110e-02 -0.005222% 2.6673662949e+00 5.3344540179e+00 -2.7857193925e-04 5.9351277124e-01 0.012236% 1.4449983487e+01 2.8903503470e+01 3.5364953085e-03 1.7406253536e+00 0.116069% 2.3848744932e+01 4.7752916307e+01 5.5426441628e-02 8.3206467462e-01 7.6919481213e-01 7.6914154297e-01 6.5690084759e-01 6.5693215573e-01 6.5702557883e-01 5.1033587636e-01 5.1045378943e-01 5.1080669968e-01 5.1139212803e-01 514 4 56
9.1201083936e-02 -0.005204% 2.9135435944e+00 5.8267839548e+00 -3.0323407565e-04 6.5170932771e-01 0.014286% 1.5434402402e+01 3.0873215244e+01 4.4104397352e-03 1.9017503626e+00 0.115065% 2.4714239065e+01 4.9485418440e+01 5.6940309547e-02 8.3189057264e-01 7.6904111818e-01 7.6898952002e-01 6.5662069761e-01 6.5665563050e-01 6.5675985221e-01 5.1064155156e-01 5.1075429223e-01 5.1109179998e-01 5.1165193507e-01 400 4 49
1.0000000000e-01 -0.005153% 3.1809528982e+00 6.3615780145e+00 -3.2778184682e-04 7.1547199883e-01 0.016402% 1.6448802159e+01 3.2903001097e+01 5.3967792680e-03 2.0777843750e+00 0.113357% 2.5526108690e+01 5.1110154536e+01 5.7937155970e-02 8.3171920943e-01 7.6888461449e-01 7.6883504525e-01 6.5635024987e-01 6.5638851422e-01 6.5650266894e-01 5.1094236658e-01 5.1104970166e-01 5.1137110136e-01 5.1190474839e-01 445 4 52
1.0964781961e-01 -0.005063% 3.4711493717e+00 6.9419472461e+00 -3.5149730072e-04 7.8530994100e-01 0.018559% 1.7488030008e+01 3.4982552334e+01 6.4923181559e-03 2.2701452473e+00 0.110951% 2.6277333170e+01 5.2613040856e+01 5.8374516599e-02 8.3155132379e-01 7.6872581279e-01 7.6867863094e-01 6.5609099657e-01 6.5613225049e-01 6.5625532799e-01 5.1123675199e-01 5.1133851105e-01 5.1164328379e-01 5.1214955317e-01 465 4 48
1.2022644346e-01 -0.004933% 3.7857551060e+00 7.5711367520e+00 -3.7345994055e-04 8.6177822764e-01 0.020725% 1.8545991115e+01 3.7099671074e+01 7.6888438784e-03 2.4803935611e+00 0.107869% 2.6962325661e+01 5.3982882013e+01 5.8230690445e-02 8.3138761093e-01 7.6856527186e-01 7.6852083104e-01 6.5584429293e-01 6.5588815179e-01 6.5601901424e-01 5.1152320867e-01 5.1161928561e-01 5.1190710406e-01 5.1238542105e-01 453 4 48
1.3182567386e-01 -0.004756% 4.1264536436e+00 8.2525147744e+00 -3.9251283435e-04 9.4548281799e-01 0.022865% 1.9615666636e+01 3.9240305691e+01 8.9724195085e-03 2.7102472278e+00 0.104158% 2.7577238638e+01 5.5211984759e+01 5.7507483887e-02 8.3122870518e-01 7.6840359260e-01 7.6836223597e-01 6.5561131875e-01 6.5565736240e-01 6.5579476552e-01 5.1180034499e-01 5.1189069778e-01 5.1216142596e-01 5.1261153162e-01 414 4 48
1.4454397707e-01 -0.004530% 4.4949823988e+00 8.9895575706e+00 -4.0722688494e-04 1.0370862625e+00 0.024941% 2.0689168556e+01 4.1388660029e+01 1.0322917694e-02 2.9615973661e+00 0.099884% 2.8120190957e+01 5.6296613089e+01 5.6231175398e-02 8.3107516373e-01 7.6824141189e-01 7.6820346618e-01 6.5539304288e-01 6.5544082412e-01 6.5558344198e-01 5.1206691260e-01 5.1215156126e-01 5.1240524884e-01 5.1282719207e-01 304 4 36
1.5848931925e-01 -0.004250% 4.8931224932e+00 9.7858291236e+00 -4.1586282240e-04 1.1373142258e+00 0.026912% 2.1757836901e+01 4.3527387705e+01 1.1713903929e-02 3.2365255335e+00 0.095133% 2.8591385533e+01 5.7237222468e+01 5.4451402219e-02 8.3092745226e-01 7.6807939537e-01 7.6804516504e-01 6.5519019297e-01 6.5523924696e-01 6.5538569973e-01 5.1232183898e-01 5.1240086176e-01 5.1263773309e-01 5.1303185364e-01 353 4 40
1.7378008287e-01 -0.003911% 5.3226854900e+00 1.0644954643e+01 -4.1633684756e-04 1.2469629106e+00 0.028733% 2.2812384154e+01 4.5637881285e+01 1.3112978064e-02 3.5373224516e+00 0.090006% 2.8993093259e+01 5.8038424446e+01 5.2237928200e-02 8.3078593317e-01 7.6791822957e-01 7.6788799085e-01 6.5500323247e-01 6.5505308687e-01 6.5520197067e-01 5.1256425449e-01 5.1263778243e-01 5.1285822055e-01 5.1322512378e-01 367 4 44
1.9054607180e-01 -0.003510% 5.7854962786e+00 1.1570586373e+01 -4.0618437252e-04 1.3669074188e+00 0.030362% 2.3843089941e+01 4.7700662534e+01 1.4482652395e-02 3.8665083255e+00 0.084614% 2.9329490410e+01 5.8708656378e+01 4.9675557170e-02 8.3065085792e-01 7.6775861305e-01 7.6773260845e-01 6.5483234714e-01 6.5488253253e-01 6.5503245046e-01 5.1279351194e-01 5.1286172205e-01 5.1306624862e-01 5.1340677287e-01 333 4 40
2.0892961309e-01 -0.003044% 6.2833714175e+00 1.2566360303e+01 -3.8253177766e-04 1.4981111054e+00 0.031757% 2.4840047138e+01 4.9695876085e+01 1.5781808488e-02 4.2268549887e+00 0.079072% 2.9606353338e+01 5.9259564425e+01 4.6857749459e-02 8.3052236363e-01 7.6760124731e-01 7.6757968042e-01 6.5467744245e-01 6.5472750285e-01 6.5487709606e-01 5.1300919699e-01 5.1307230440e-01 5.1326155628e-01 5.1357673480e-01 333 4 40
2.2908676528e-01 -0.002509% 6.8180920211e+00 1.3635841967e+01 -3.4207556193e-04 1.6416359235e+00 0.032881% 2.5793457111e+01 5.1603881937e+01 1.6967715525e-02 4.6214100737e+00 0.073494% 2.9830633126e+01 5.9705145965e+01 4.3879712154e-02 8.3040047480e-01 7.6744682724e-01 7.6742985814e-01 6.5453815319e-01 6.5458765602e-01 6.5473563360e-01 5.1321112829e-01 5.1326937777e-01 5.1344408175e-01 5.1373510096e-01 297 4 36
2.5118864315e-01 -0.001901% 7.3913702659e+00 1.4782459458e+01 -2.8107362170e-04 1.7986537506e+00 0.033701% 2.6693967704e+01 5.3405933926e+01 1.7998518507e-02 5.0535234734e+00 0.067984% 3.0009951576e+01 6.0060734970e+01 4.0831818068e-02 8.3028511001e-01 7.6729603133e-01 7.6728377268e-01 6.5441386510e-01 6.5446241043e-01 6.5460757700e-01 5.1339934697e-01 5.1345300427e-01 5.1361395115e-01 5.1388210776e-01 319 4 36
2.7542287033e-01 -0.001220% 8.0048085633e+00 1.6009421772e+01 -1.9535435422e-04 1.9704586650e+00 0.034195% 2.7533042310e+01 5.5084920645e+01 1.8836025293e-02 5.5268763864e+00 0.062633% 3.0152073900e+01 6.0341941934e+01 3.7794134398e-02 8.3017609331e-01 7.6714951166e-01 7.6714202561e-01 6.5430374774e-01 6.5435097629e-01 6.5449225614e-01 5.1357409620e-01 5.1362343968e-01 5.1377145928e-01 5.1401811854e-01 344 4 36
3.0199517204e-01 -0.000464% 8.6598505005e+00 1.7319620653e+01 -8.0347977917e-05 2.1584801322e+00 0.034346% 2.8303342143e+01 5.6626132831e+01 1.9448545783e-02 6.0455132463e+00 0.057514% 3.0264419264e+01 6.0563671153e+01 3.4832625204e-02 8.3007316944e-01 7.6700788360e-01 7.6700517970e-01 6.5420679661e-01 6.5425239627e-01 6.5438885293e-01 5.1373579241e-01 5.1378110545e-01 5.1391704364e-01 5.1414360097e-01 291 4 32
3.3113112148e-01 0.000368% 9.3577227828e+00 1.8715514417e+01 6.8851476005e-05 2.3642970625e+00 0.034151% 2.8999097271e+01 5.8018008026e+01 1.9813484109e-02 6.6138768255e+00 0.052680% 3.0353664996e+01 6.0739327275e+01 3.1997283494e-02 8.2997602168e-01 7.6687171541e-01 7.6687374944e-01 6.5412188156e-01 6.5416559202e-01 6.5429644262e-01 5.1388499074e-01 5.1392655520e-01 5.1405125414e-01 5.1425910188e-01 262 4 32
3.6307805477e-01 0.001274% 1.0099367719e+01 2.0198992831e+01 2.5739327098e-04 2.5896527294e+00 0.033618% 2.9616435944e+01 5.9252791249e+01 1.9919361795e-02 7.2368468128e+00 0.048164% 3.0425484088e+01 6.0880290297e+01 2.9322121508e-02 8.2988429058e-01 7.6674151763e-01 7.6674819167e-01 6.5404779790e-01 6.5408941339e-01 6.5421403703e-01 5.1402234782e-01 5.1406043871e-01 5.1417472092e-01 5.1436522132e-01 292 4 36
3.9810717055e-01 0.002253% 1.0885366098e+01 2.1771222726e+01 4.9053018059e-04 2.8364705485e+00 0.032766% 3.0153637528e+01 6.0327042042e+01 1.9766986291e-02 7.9197820801e+00 0.043981% 3.0484431412e+01 6.0995689499e+01 2.6826675569e-02 8.2979759261e-01 7.6661773262e-01 7.6662889616e-01 6.5398331658e-01 6.5402268651e-01 6.5414062656e-01 5.1414858495e-01 5.1418346653e-01 5.1428812295e-01 5.1446258791e-01 288 4 36
4.3651583224e-01 0.003301% 1.1715850991e+01 2.3432475420e+01 7.7343796699e-04 3.1068707947e+00 0.031628% 3.0611273870e+01 6.1241917290e+01 1.9369550489e-02 8.6685669241e+00 0.040133% 3.0533967699e+01 6.1092453912e+01 2.4518513647e-02 8.2971553685e-01 7.6650072463e-01 7.6651617697e-01 6.5392722994e-01 6.5396425751e-01 6.5407521786e-01 5.1426445464e-01 5.1429637781e-01 5.1439215978e-01 5.1455183706e-01 294 4 32
4.7863009232e-01 0.004412% 1.2590413591e+01 2.5181938167e+01 1.1109852149e-03 3.4031883555e+00 0.030243% 3.0992208472e+01 6.2003168529e+01 1.8751586063e-02 9.4896614858e+00 0.036610% 3.0576588306e+01 6.1175572802e+01 2.2396190465e-02 8.2963773906e-01 7.6639077109e-01 7.6641026481e-01 6.5387839022e-01 6.5391302918e-01 6.5401686492e-01 5.1437071261e-01 5.1439991338e-01 5.1448752804e-01 5.1463359318e-01 238 4 28
5.2480746025e-01 0.005580% 1.3508003216e+01 2.7017513882e+01 1.5074501648e-03 3.7279917077e+00 0.028660% 3.1301433932e+01 6.2620814714e+01 1.7946850495e-02 1.0390156675e+01 0.033392% 3.0614011730e+01 6.1248475620e+01 2.0452160633e-02 8.2956383255e-01 7.6628805584e-01 7.6631130134e-01 6.5383573914e-01 6.5386798898e-01 6.5396469224e-01 5.1446809640e-01 5.1449479529e-01 5.1457490369e-01 5.1470845650e-01 245 4 32
5.7543993734e-01 0.006795% 1.4466824517e+01 2.8935615227e+01 1.9661927910e-03 4.0841033302e+00 0.026930% 3.1545745441e+01 6.3108486269e+01 1.6995386866e-02 1.1377833918e+01 0.030459% 3.0647382761e+01 6.1313440822e+01 1.8675299916e-02 8.2949347591e-01 7.6619266516e-01 7.6621933616e-01 6.5379832781e-01 6.5382822768e-01 6.5391790971e-01 5.1455731057e-01 5.1458171269e-01 5.1465492983e-01 5.1477699421e-01 245 4 32
6.3095734448e-01 0.008048% 1.5464236237e+01 3.0930961758e+01 2.4892848432e-03 4.4746218523e+00 0.025109% 3.1733270220e+01 6.3482480571e+01 1.5940130308e-02 1.2461230226e+01 0.027786% 3.0677455354e+01 6.1371963559e+01 1.7052851462e-02 8.2942635788e-01 7.6610458737e-01 7.6613432711e-01 6.5376532725e-01 6.5379294908e-01 6.5387581979e-01 5.1463901799e-01 5.1466131349e-01 5.1472820968e-01 5.1483973560e-01 209 4 28
6.9183097092e-01 0.009326% 1.6496657059e+01 3.2996391221e+01 3.0771035024e-03 4.9029462617e+00 0.023249% 3.1872895964e+01 6.3760615432e+01 1.4823503925e-02 1.3649709154e+01 0.025351% 3.0704735810e+01 6.1425043386e+01 1.5571765670e-02 8.2936219992e-01 7.6602371638e-01 7.6605614439e-01 6.5373603061e-01 6.5376147182e-01 6.5383781817e-01 5.1471383584e-01 5.1473420060e-01 5.1479530347e-01 5.1489717018e-01 216 4 28
7.5857757503e-01 0.010614% 1.7559485482e+01 3.5122698880e+01 3.7279154078e-03 5.3728025587e+00 0.021395% 3.1973660722e+01 6.3961005876e+01 1.3684431100e-02 1.4953538376e+01 0.023131% 3.0729582014e+01 6.1473383539e+01 1.4219509704e-02 8.2930075713e-01 7.6594985936e-01 7.6598457847e-01 6.5370984843e-01 6.5373322475e-01 6.5380338926e-01 5.1478233491e-01 5.1480093137e-01 5.1485672822e-01 5.1494974802e-01 216 4 28
8.3176377110e-01 0.011897% 1.8647041774e+01 3.7298521008e+01 4.4374604603e-03 5.8882732233e+00 0.019588% 3.2044176782e+01 6.4100909670e+01 1.2556105326e-02 1.6383974626e+01 0.021107% 3.0752264962e+01 6.1517514400e+01 1.2984476028e-02 8.2924181820e-01 7.6588274803e-01 7.6591935136e-01 6.5368629886e-01 6.5370773763e-01 6.5377209827e-01 5.1484504108e-01 5.1486201900e-01 5.1491295925e-01 5.1499788141e-01 218 4 28
9.1201083936e-01 0.013158% 1.9752541219e+01 3.9510281017e+01 5.1985790569e-03 6.4538299154e+00 0.017859% 3.2092157916e+01 6.4195780533e+01 1.1464700267e-02 1.7953356906e+01 0.019260% 3.0773003388e+01 6.1557862900e+01 1.1856125060e-02 8.2918520456e-01 7.6582205261e-01 7.6586013044e-01 6.5366499445e-01 6.5368462866e-01 6.5374358110e-01 5.1490243780e-01 5.1491793512e-01 5.1496443266e-01 5.1504194731e-01 216 4 28
1.0000000000e+00 0.014376% 2.0868108421e+01 4.1742217760e+01 6.0009186663e-03 7.0743697615e+00 0.016230% 3.2124101907e+01 6.4258632848e+01 1.0429033579e-02 1.9675208820e+01 0.017574% 3.0791981987e+01 6.1594788947e+01 1.0824973997e-02 8.2913076914e-01 7.6576739736e-01 7.6580654358e-01 6.5364562725e-01 6.5366359068e-01 6.5371753355e-01 5.1495496907e-01 5.1496911264e-01 5.1501154812e-01 5.1508229002e-01 181 4 24
1.0964781961e+00 0.015533% 2.1984842493e+01 4.3976515760e+01 6.8307741856e-03 7.7552555667e+00 0.014714% 3.2145151559e+01 6.4299764159e+01 9.4610407005e-03 2.1564350925e+01 0.016036% 3.0809360948e+01 6.1628604406e+01 9.8825103446e-03 8.2907839480e-01 7.6571837621e-01 7.6575819432e-01 6.5362795362e-01 6.5364437706e-01 6.5369370063e-01 5.1500304236e-01 5.1501594869e-01 5.1505467177e-01 5.1511922402e-01 181 4 24
1.2022644346e+00 0.016606% 2.3092942218e+01 4.6193555555e+01 7.6711189432e-03 8.5023602435e+00 0.013318% 3.2159124393e+01 6.4326815599e+01 8.5668121600e-03 2.3637024015e+01 0.014630% 3.0825281379e+01 6.1659583837e+01 9.0210783557e-03 8.2902799245e-01 7.6567456722e-01 7.6571467583e-01 6.5361178010e-01 6.5362678870e-01 6.5367186677e-01 5.1504703153e-01 5.1505880752e-01 5.1509413899e-01 5.1515303654e-01 180 4 24
1.3182567386e+00 0.017576% 2.4181898390e+01 4.8372298671e+01 8.5018911893e-03 9.3221157354e+00 0.012041% 3.2168672636e+01 6.4345093183e+01 7.7479103658e-03 2.5911024298e+01 0.013347% 3.0839868869e+01 6.1687971503e+01 8.2337647366e-03 8.2897949878e-01 7.6563554500e-01 7.6567558281e-01 6.5359695103e-01 6.5361066262e-01 6.5365184749e-01 5.1508727942e-01 5.1509802304e-01 5.1513025690e-01 5.1518399002e-01 194 4 24
1.4454397707e+00 0.018420% 2.5240757360e+01 5.0490815301e+01 9.3005815220e-03 1.0221566711e+01 0.010881% 3.2175518427e+01 6.4358039563e+01 7.0027098306e-03 2.8405851491e+01 0.012176% 3.0853236107e+01 6.1713986511e+01 7.5142963491e-03 8.2893287370e-01 7.6560089046e-01 7.6564052074e-01 6.5358333851e-01 6.5359586274e-01 6.5363348257e-01 5.1512410034e-01 5.1513390131e-01 5.1516330676e-01 5.1521232439e-01 197 4 24
1.5848931925e+00 0.019120% 2.6258455082e+01 5.2526953317e+01 1.0043151866e-02 1.1208429373e+01 0.009830% 3.2180707826e+01 6.4367743226e+01 6.3275742014e-03 3.1142871038e+01 0.011107% 3.0865484897e+01 6.1737826748e+01 6.8569546705e-03 8.2888809723e-01 7.6557019787e-01 7.6560911243e-01 6.5357083468e-01 6.5358227283e-01 6.5361663087e-01 5.1515778231e-01 5.1516672271e-01 5.1519354610e-01 5.1523825901e-01 193 4 24
1.7378008287e+00 0.019657% 2.7224214621e+01 5.4459134518e+01 1.0705275586e-02 1.2291155799e+01 0.008882% 3.2184839318e+01 6.4375396408e+01 5.7177721578e-03 3.4145491823e+01 0.010130% 3.0876707705e+01 6.1759671918e+01 6.2565072393e-03 8.2884516613e-01 7.6554307952e-01 7.6558100220e-01 6.5355934630e-01 6.5356979139e-01 6.5360116648e-01 5.1518858918e-01 5.1519674410e-01 5.1522121071e-01 5.1526199456e-01 182 4 24
1.9054607180e+00 0.020018% 2.8127959459e+01 5.6267182630e+01 1.1263712153e-02 1.3478971771e+01 0.008028% 3.2188289820e+01 6.4381747931e+01 5.1682898566e-03 3.7439378302e+01 0.009239% 3.0886934152e+01 6.1779576354e+01 5.7080496824e-03 8.2880414510e-01 7.6551915213e-01 7.6555584134e-01 6.5354891855e-01 6.5355845608e-01 6.5358710454e-01 5.1521667061e-01 5.1522410861e-01 5.1524642419e-01 5.1528362204e-01 142 3 18
2.0892961309e+00 0.020193% 2.8960916741e+01 5.7933531950e+01 1.1698468880e-02 1.4782083367e+01 0.007258% 3.2191141912e+01 6.4386957325e+01 4.6735012370e-03 4.1052595359e+01 0.008426% 3.0896354272e+01 6.1797915940e+01 5.2073968812e-03 8.2876493894e-01 7.6549810455e-01 7.6553335659e-01 6.5353921408e-01 6.5354792176e-01 6.5357407677e-01 5.1524243787e-01 5.1524922175e-01 5.1526957470e-01 5.1530350071e-01 142 3 18
2.2908676528e+00 0.020176% 2.9715881928e+01 5.9443757510e+01 1.1993654864e-02 1.6211569522e+01 0.006567% 3.2193553709e+01 6.4391335937e+01 4.2285187630e-03 4.5015946486e+01 0.007685% 3.0904980721e+01 6.1814711814e+01 4.7503716830e-03 8.2872762890e-01 7.6547959866e-01 7.6551324802e-01 6.5353030084e-01 6.5353824998e-01 6.5356212566e-01 5.1526599591e-01 5.1527218295e-01 5.1529074520e-01 5.1532168603e-01 144 3 18
2.5118864315e+00 0.019970% 3.0387768556e+01 6.0787676525e+01 1.2139412072e-02 1.7779601567e+01 0.005945% 3.2195598542e+01 6.4395025605e+01 3.8285208077e-03 4.9363163869e+01 0.007008% 3.0912877830e+01 6.1830088907e+01 4.3332466580e-03 8.2869223845e-01 7.6546333656e-01 7.6549525685e-01 6.5352211851e-01 6.5352937434e-01 6.5355116657e-01 5.1528752950e-01 5.1529317205e-01 5.1531010062e-01 5.1533831806e-01 142 3 18
2.7542287033e+00 0.019582% 3.0973901654e+01 6.1959936090e+01 1.2132781268e-02 1.9499515165e+01 0.005387% 3.2197333071e+01 6.4398135141e+01 3.4689988832e-03 5.4131209651e+01 0.006391% 3.0920105082e+01 6.1844162762e+01 3.9525976805e-03 8.2865878654e-01 7.6544904440e-01 7.6547914791e-01 6.5351461071e-01 6.5352123290e-01 6.5354112094e-01 5.1530720864e-01 5.1531235447e-01 5.1532779275e-01 5.1535352588e-01 142 3 18
3.0199517204e+00 0.019025% 3.1474209766e+01 6.2960397636e+01 1.1978104475e-02 2.1385923029e+01 0.004885% 3.2198805180e+01 6.4400756138e+01 3.1457770551e-03 5.9360589293e+01 0.005828% 3.0926717143e+01 6.1857039566e+01 3.6052806018e-03 8.2862728415e-01 7.6543647246e-01 7.6546470862e-01 6.5350772552e-01 6.5351376866e-01 6.5353191659e-01 5.1532518913e-01 5.1532988188e-01 5.1534396078e-01 5.1536742784e-01 142 3 18
3.3113112148e+00 0.018319% 3.1891247693e+01 6.3794182125e+01 1.1686739495e-02 2.3454839400e+01 0.004433% 3.2200056626e+01 6.4402968270e+01 2.8550172974e-03 6.5095696406e+01 0.005315% 3.0932764299e+01 6.1868817008e+01 3.2884105965e-03 8.2859773105e-01 7.6542539524e-01 7.6545174812e-01 6.5350141495e-01 6.5350692902e-01 6.5352348706e-01 5.1534161384e-01 5.1534589333e-01 5.1535873235e-01 5.1538013258e-01 142 3 18
3.6307805477e+00 0.017490% 3.2230028393e+01 6.4471332871e+01 1.1276084125e-02 2.5723817085e+01 0.004026% 3.2201123885e+01 6.4404840990e+01 2.5932194516e-03 7.1385192183e+01 0.004847% 3.0938292855e+01 6.1879585054e+01 2.9993429551e-03 8.2857011328e-01 7.6541561132e-01 7.6544009616e-01 6.5349563455e-01 6.5350066530e-01 6.5351577101e-01 5.1535661389e-01 5.1536051647e-01 5.1537222466e-01 5.1539173989e-01 142 3 18
3.9810717055e+00 0.016565% 3.2497663860e+01 6.5006095739e+01 1.0768018298e-02 2.8212098177e+01 0.003660% 3.2202038474e+01 6.4406434165e+01 2.3572175374e-03 7.8282422549e+01 0.004420% 3.0943345495e+01 6.1889426645e+01 2.7356551238e-03 8.2854440154e-01 7.6540694295e-01 7.6542960193e-01 6.5349034304e-01 6.5349493235e-01 6.5350871170e-01 5.1537030966e-01 5.1537386849e-01 5.1538454539e-01 5.1540234153e-01 143 3 18
4.3651583224e+00 0.015573% 3.2702840111e+01 6.5415867191e+01 1.0186968606e-02 3.0940779616e+01 0.003329% 3.2202827197e+01 6.4407798566e+01 2.1441720835e-03 8.5845876252e+01 0.004031% 3.0947961591e+01 6.1898418312e+01 2.4951298605e-03 8.2852055068e-01 7.6539923532e-01 7.6542013280e-01 6.5348550199e-01 6.5348968822e-01 6.5350225655e-01 5.1538281174e-01 5.1538605710e-01 5.1539579351e-01 5.1541202194e-01 143 3 18
4.7863009232e+00 0.014543% 3.2855176887e+01 6.5719911633e+01 9.5578597510e-03 3.3932994797e+01 0.003030% 3.2203512455e+01 6.4408976468e+01 1.9515577448e-03 9.4139687357e+01 0.003676% 3.0952177489e+01 6.1906630717e+01 2.2757394144e-03 8.2849850018e-01 7.6539235528e-01 7.6541157280e-01 6.5348107560e-01 6.5348489386e-01 6.5349635675e-01 5.1539422179e-01 5.1539718128e-01 5.1540606003e-01 5.1542085885e-01 142 3 18
5.2480746025e+00 0.013504% 3.2964542930e+01 6.5937990087e+01 8.9042262653e-03 3.7214112529e+01 0.002759% 3.2204112626e+01 6.4410002397e+01 1.7771458218e-03 1.0323418581e+02 0.003352% 3.0956026742e+01 6.1914129114e+01 2.0756306500e-03 8.2847817570e-01 7.6538618975e-01 7.6540382104e-01 6.5347703047e-01 6.5348051290e-01 6.5349096697e-01 5.1540463321e-01 5.1540733202e-01 5.1541542867e-01 5.1542892385e-01 143 3 18
5.7543993734e+00 0.012478% 3.3040407531e+01 6.6089061775e+01 8.2467135033e-03 4.0811954790e+01 0.002514% 3.2204642525e+01 6.4410904032e+01 1.6189819364e-03 1.1320650018e+02 0.003057% 3.0959540321e+01 6.1920973752e+01 1.8931110597e-03 8.2845949135e-01 7.6538064377e-01 7.6539679005e-01 6.5347333547e-01 6.5347651146e-01 6.5348604508e-01 5.1541413185e-01 5.1541659294e-01 5.1542397641e-01 5.1543628283e-01 142 3 18
6.3095734448e+00 0.011485% 3.3091304533e+01 6.6190211178e+01 7.6021115587e-03 4.4757034866e+01 0.002291% 3.2205113908e+01 6.4411703177e+01 1.4753597782e-03 1.2414121704e+02 0.002788% 3.0962746793e+01 6.1927220221e+01 1.7266356256e-03 8.2844235259e-01 7.6537563821e-01 7.6539040407e-01 6.5346996164e-01 6.5347285805e-01 6.5348155201e-01 5.1542279655e-01 5.1542504088e-01 5.1543177403e-01 5.1544299646e-01 142 3 18
6.9183097092e+00 0.010539% 3.3124465669e+01 6.6255914300e+01 6.9829617781e-03 4.9082817766e+01 0.002088% 3.2205535992e+01 6.4412416776e+01 1.3447923694e-03 1.3613110236e+02 0.002543% 3.0965672480e+01 6.1932919754e+01 1.5747945116e-03 8.2842665937e-01 7.6537110745e-01 7.6538459740e-01 6.5346688203e-01 6.5346952342e-01 6.5347745153e-01 5.1543069970e-01 5.1543274637e-01 5.1543888650e-01 5.1544912050e-01 142 3 18
7.5857757503e+00 0.009650% 3.3145649236e+01 6.6297696149e+01 6.3976778934e-03 5.3826005018e+01 0.001903% 3.2205915955e+01 6.4413057892e+01 1.2259826076e-03 1.4927789067e+02 0.002319% 3.0968341603e+01 6.1938119508e+01 1.4363015746e-03 8.2841230926e-01 7.6536699704e-01 7.6537931287e-01 6.5346407169e-01 6.5346648048e-01 6.5347371013e-01 5.1543790766e-01 5.1543977409e-01 5.1544537347e-01 5.1545470614e-01 143 3 18
8.3176377110e+00 0.008822% 3.3159154981e+01 6.6324161014e+01 5.8510528782e-03 5.9026846324e+01 0.001735% 3.2206259399e+01 6.4413636593e+01 1.1177948365e-03 1.6369314895e+02 0.002115% 3.0970776414e+01 6.1942862811e+01 1.3099836923e-03 8.2839920030e-01 7.6536326150e-01 7.6537450037e-01 6.5346150754e-01 6.5346370420e-01 6.5347029693e-01 5.1544448122e-01 5.1544618329e-01 5.1545128957e-01 5.1545980036e-01 145 3 18
9.1201083936e+00 0.008057% 3.3167985325e+01 6.6341315639e+01 5.3449890528e-03 6.4729480820e+01 0.001582% 3.2206570747e+01 6.4414160722e+01 1.0192289306e-03 1.7949922268e+02 0.001929% 3.0972997324e+01 6.1947189418e+01 1.1947709014e-03 8.2838723331e-01 7.6535986247e-01 7.6537011574e-01 6.5345916831e-01 6.5346117153e-01 6.5346718346e-01 5.1545047601e-01 5.1545202820e-01 5.1545668485e-01 5.1546444618e-01 152 3 18
1.0000000000e+01 0.007354% 3.3174094526e+01 6.6353068345e+01 4.8792929257e-03 7.0982311031e+01 0.001443% 3.2206853556e+01 6.4414636510e+01 9.2939788469e-04 1.9683027273e+02 0.001759% 3.0975023027e+01 6.1951135742e+01 1.0896873291e-03 8.2837631361e-01 7.6535676708e-01 7.6536611970e-01 6.5345703447e-01 6.5345886128e-01 6.5346434361e-01 5.1545594289e-01 5.1545735841e-01 5.1546160503e-01 5.1546868295e-01 143 3 18
1.0964781961e+01 0.006709% 3.3178664724e+01 6.6361781857e+01 4.4524091979e-03 7.7838412896e+01 0.001316% 3.2207110768e+01 6.4415069045e+01 8.4750932698e-04 2.1583341215e+02 0.001604% 3.0976870627e+01 6.1954735097e+01 9.9384289232e-04 8.2836635221e-01 7.6535394674e-01 7.6536247710e-01 6.5345508809e-01 6.5345675404e-01 6.5346175346e-01 5.1546092830e-01 5.1546221919e-01 5.1546609191e-01 5.1547254663e-01 143 3 18
1.2022644346e+01 0.006120% 3.3182327181e+01 6.6368716351e+01 4.0619888445e-03 8.5355811390e+01 0.001200% 3.2207385653e+01 6.4415544158e+01 7.7285229522e-04 2.3667006535e+02 0.001463% 3.0978506549e+01 6.1957919571e+01 9.0647386866e-04 8.2835731699e-01 7.6535136700e-01 7.6535914702e-01 6.5345342546e-01 6.5345494471e-01 6.5345950379e-01 5.1546539066e-01 5.1546656795e-01 5.1547009988e-01 5.1547598658e-01 105 2 12
1.3182567386e+01 0.005583% 3.3185494376e+01 6.6374694187e+01 3.7054345181e-03 9.3598660428e+01 0.001094% 3.2207597234e+01 6.4415899248e+01 7.0477941187e-04 2.5951688913e+02 0.001334% 3.0980045694e+01 6.1960918128e+01 8.2673980417e-04 8.2834902808e-01 7.6534902352e-01 7.6535611911e-01 6.5345180126e-01 6.5345318675e-01 6.5345734431e-01 5.1546954058e-01 5.1547061423e-01 5.1547383522e-01 5.1547920367e-01 104 2 12
1.4454397707e+01 0.005092% 3.3188305618e+01 6.6379991236e+01 3.3799992394e-03 1.0263677804e+02 0.000998% 3.2207788088e+01 6.4416218884e+01 6.4270802216e-04 2.8456793625e+02 0.001217% 3.0981451450e+01 6.1963656918e+01 7.5401758503e-04 8.2834146652e-01 7.6534688796e-01 7.6535335927e-01 6.5345031514e-01 6.5345157865e-01 6.5345537007e-01 5.1547332830e-01 5.1547430744e-01 5.1547724488e-01 5.1548214072e-01 105 2 12
1.5848931925e+01 0.004644% 3.3190842421e+01 6.6384767900e+01 3.0830584843e-03 1.1254688025e+02 0.000910% 3.2207961866e+01 6.4416509841e+01 5.8610835112e-04 3.1203586794e+02 0.001110% 3.0982733645e+01 6.1966154980e+01 6.8769046018e-04 8.2833457035e-01 7.6534494096e-01 7.6535084290e-01 6.5344895947e-01 6.5345011174e-01 6.5345356930e-01 5.1547678264e-01 5.1547767558e-01 5.1548035445e-01 5.1548481931e-01 105 2 12
1.7378008287e+01 0.004236% 3.3193147946e+01 6.6389108048e+01 2.8121554583e-03 1.2341309372e+02 0.000830% 3.2208120186e+01 6.4416774869e+01 5.3449705679e-04 3.4215386027e+02 0.001012% 3.0983903061e+01 6.1968433318e+01 6.2719632841e-04 8.2832828112e-01 7.6534316576e-01 7.6534854842e-01 6.5344772300e-01 6.5344877383e-01 6.5345192694e-01 5.1547993282e-01 5.1548074717e-01 5.1548319023e-01 5.1548726207e-01 105 2 12
1.9054607180e+01 0.003863% 3.3195248717e+01 6.6393062458e+01 2.5650230382e-03 1.3532766206e+02 0.000757% 3.2208264440e+01 6.4417016313e+01 4.8743376244e-04 3.7517758587e+02 0.000923% 3.0984969611e+01 6.1970511245e+01 5.7202246664e-04 8.2832254540e-01 7.6534154717e-01 7.6534645623e-01 6.5344659524e-01 6.5344755357e-01 6.5345042906e-01 5.1548280565e-01 5.1548354832e-01 5.1548577634e-01 5.1548948976e-01 104 2 12
2.0892961309e+01 0.003524% 3.3197164460e+01 6.6396668504e+01 2.3395832693e-03 1.4839172847e+02 0.000690% 3.2208395888e+01 6.4417236293e+01 4.4451713659e-04 4.1138738428e+02 0.000842% 3.0985942342e+01 6.1972406386e+01 5.2170118001e-04 8.2831731448e-01 7.6534007133e-01 7.6534454846e-01 6.5344556666e-01 6.5344644062e-01 6.5344906295e-01 5.1548542555e-01 5.1548610285e-01 5.1548813477e-01 5.1549152133e-01 105 2 12
2.2908676528e+01 0.003214% 3.3198911832e+01 6.6399957601e+01 2.1339368453e-03 1.6271619426e+02 0.000629% 3.2208515677e+01 6.4417436736e+01 4.0538137006e-04 4.5109064175e+02 0.000768% 3.0986829504e+01 6.1974134815e+01 4.7580585308e-04 8.2831254393e-01 7.6533872562e-01 7.6534280882e-01 6.5344462853e-01 6.5344542556e-01 6.5344781703e-01 5.1548781481e-01 5.1548843250e-01 5.1549028557e-01 5.1549337406e-01 104 2 12
2.5118864315e+01 0.002931% 3.3200505689e+01 6.6402957727e+01 1.9463495049e-03 1.7842266032e+02 0.000574% 3.2208624849e+01 6.4417619391e+01 3.6969300440e-04 4.9462440065e+02 0.000700% 3.0987638623e+01 6.1975711194e+01 4.3394734769e-04 8.2830819321e-01 7.6533749855e-01 7.6534122249e-01 6.5344377290e-01 6.5344449978e-01 6.5344668072e-01 5.1548999374e-01 5.1549055707e-01 5.1549224704e-01 5.1549506370e-01 104 2 12
2.7542287033e+01 0.002673% 3.3201959511e+01 6.6405694260e+01 1.7752382417e-03 1.9564445941e+02 0.000523% 3.2208724350e+01 6.4417785848e+01 3.3714805455e-04 5.4235822061e+02 0.000639% 3.0988376563e+01 6.1977148897e+01 3.9577071507e-04 8.2830422538e-01 7.6533637965e-01 7.6533977592e-01 6.5344299252e-01 6.5344365542e-01 6.5344564438e-01 5.1549198087e-01 5.1549249461e-01 5.1549403585e-01 5.1549660461e-01 104 2 12
3.0199517204e+01 0.002438% 3.3203285588e+01 6.6408190334e+01 1.6191583113e-03 2.1452778799e+02 0.000477% 3.2208815042e+01 6.4417937553e+01 3.0746939169e-04 5.9469731571e+02 0.000582% 3.0989049584e+01 6.1978460120e+01 3.6095219639e-04 8.2830060673e-01 7.6533535935e-01 7.6533845680e-01 6.5344228078e-01 6.5344288534e-01 6.5344469922e-01 5.1549379307e-01 5.1549426160e-01 5.1549566720e-01 5.1549800988e-01 104 2 12
3.3113112148e+01 0.002224% 3.3204495130e+01 6.6410467051e+01 1.4767912520e-03 2.3523294730e+02 0.000435% 3.2208897709e+01 6.4418075823e+01 2.8040436302e-04 6.5208599439e+02 0.000531% 3.0989663397e+01 6.1979655990e+01 3.2919648529e-04 8.2829730653e-01 7.6533442896e-01 7.6533725387e-01 6.5344163164e-01 6.5344218299e-01 6.5344383721e-01 5.1549544577e-01 5.1549587306e-01 5.1549715496e-01 5.1549929146e-01 105 2 12
3.6307805477e+01 0.002028% 3.3205598367e+01 6.6412543668e+01 1.3469339194e-03 2.5793570419e+02 0.000397% 3.2208973066e+01 6.4418201855e+01 2.5572262174e-04 7.1501143119e+02 0.000484% 3.0990223209e+01 6.1980746651e+01 3.0023423029e-04 8.2829429675e-01 7.6533358054e-01 7.6533615690e-01 6.5344103960e-01 6.5344154242e-01 6.5344305104e-01 5.1549695300e-01 5.1549734269e-01 5.1549851176e-01 5.1550046024e-01 104 2 12
3.9810717055e+01 0.001850% 3.3206604632e+01 6.6414437752e+01 1.2284884551e-03 2.8282878315e+02 0.000362% 3.2209041761e+01 6.4418316736e+01 2.3321415212e-04 7.8400780238e+02 0.000442% 3.0990733770e+01 6.1981741360e+01 2.7381975573e-04 8.2829155183e-01 7.6533280687e-01 7.6533515654e-01 6.5344049964e-01 6.5344095821e-01 6.5344233404e-01 5.1549832756e-01 5.1549868296e-01 5.1549974915e-01 5.1550152615e-01 107 2 12
4.3651583224e+01 0.001687% 3.3207522440e+01 6.6416165334e+01 1.1204531193e-03 3.1012350243e+02 0.000330% 3.2209104386e+01 6.4418421459e+01 2.1268747001e-04 8.5966082058e+02 0.000403% 3.0991199413e+01 6.1982648556e+01 2.4972898318e-04 8.2828904846e-01 7.6533210135e-01 7.6533424428e-01 6.5344000717e-01 6.5344042538e-01 6.5344168012e-01 5.1549958115e-01 5.1549990527e-01 5.1550087764e-01 5.1550249825e-01 118 2 12
4.7863009232e+01 0.001539% 3.3208359562e+01 6.6417741037e+01 1.0219139147e-03 3.4005156785e+02 0.000301% 3.2209161479e+01 6.4418516926e+01 1.9396798348e-04 9.4261270698e+02 0.000367% 3.0991624090e+01 6.1983475937e+01 2.2775753358e-04 8.2828676538e-01 7.6533145797e-01 7.6533341234e-01 6.5343955802e-01 6.5343993943e-01 6.5344108373e-01 5.1550072441e-01 5.1550102000e-01 5.1550190680e-01 5.1550338480e-01 107 2 12
5.2480746025e+01 0.001403% 3.3209123083e+01 6.6419178203e+01 9.3203693333e-04 3.7286703984e+02 0.000275% 3.2209213531e+01 6.4418603958e+01 1.7689649913e-04 1.0335676431e+03 0.000335% 3.0992011404e+01 6.1984230526e+01 2.0771899775e-04 8.2828468321e-01 7.6533087125e-01 7.6533265367e-01 6.5343914838e-01 6.5343949623e-01 6.5344053982e-01 5.1550176705e-01 5.1550203663e-01 5.1550284539e-01 5.1550419332e-01 122 2 12
5.7543993734e+01 0.001280% 3.3209819472e+01 6.6420489005e+01 8.5006136490e-04 4.0884849009e+02 0.000250% 3.2209260988e+01 6.4418683304e+01 1.6132786082e-04 1.1332977485e+03 0.000306% 3.0992364641e+01 6.1984918726e+01 1.8944335666e-04 8.2828278426e-01 7.6533033621e-01 7.6533196179e-01 6.5343877478e-01 6.5343909201e-01 6.5344004376e-01 5.1550271793e-01 5.1550296379e-01 5.1550370137e-01 5.1550493069e-01 108 2 12
6.3095734448e+01 0.001167% 3.3210454626e+01 6.6421684544e+01 7.7529311177e-04 4.4830136642e+02 0.000228% 3.2209304257e+01 6.4418755643e+01 1.4712971005e-04 1.2426496358e+03 0.000279% 3.0992686800e+01 6.1985546376e+01 1.7277554167e-04 8.2828105241e-01 7.6532984827e-01 7.6533133082e-01 6.5343843405e-01 6.5343872336e-01 6.5343959135e-01 5.1550358512e-01 5.1550380935e-01 5.1550448203e-01 5.1550560316e-01 103 2 12
6.9183097092e+01 0.001065% 3.3211033926e+01 6.6422774951e+01 7.0709895703e-04 4.9156058569e+02 0.000208% 3.2209343708e+01 6.4418821598e+01 1.3418135514e-04 1.3625515968e+03 0.000254% 3.0992980615e+01 6.1986118805e+01 1.5757412064e-04 8.2827947296e-01 7.6532940330e-01 7.6533075541e-01 6.5343812329e-01 6.5343838714e-01 6.5343917875e-01 5.1550437600e-01 5.1550458050e-01 5.1550519398e-01 5.1550621646e-01 104 2 12
7.5857757503e+01 0.000971% 3.3211562283e+01 6.6423769467e+01 6.4490124116e-04 5.3899337696e+02 0.000190% 3.2209379680e+01 6.4418881733e+01 1.2237274139e-04 1.4940214837e+03 0.000232% 3.0993248580e+01 6.1986640869e+01 1.4371009941e-04 8.2827803249e-01 7.6532899751e-01 7.6533023065e-01 6.5343783987e-01 6.5343808050e-01 6.5343880244e-01 5.1550509728e-01 5.1550528378e-01 5.1550584328e-01 5.1550677578e-01 104 2 12
8.3176377110e+01 0.000885% 3.3212044173e+01 6.6424676518e+01 5.8817299980e-04 5.9100239886e+02 0.000173% 3.2209412480e+01 6.4418936563e+01 1.1160351230e-04 1.6381753490e+03 0.000211% 3.0993492968e+01 6.1987117001e+01 1.3106582818e-04 8.2827671877e-01 7.6532862745e-01 7.6532975208e-01 6.5343758138e-01 6.5343780084e-01 6.5343845925e-01 5.1550575508e-01 5.1550592517e-01 5.1550643544e-01 5.1550728588e-01 104 2 12
9.1201083936e+01 0.000808% 3.3212483681e+01 6.6425503795e+01 5.3643352494e-04 6.4802915784e+02 0.000158% 3.2209442387e+01 6.4418986556e+01 1.0178215382e-04 1.7962369199e+03 0.000193% 3.0993715853e+01 6.1987551241e+01 1.1953400475e-04 8.2827552065e-01 7.6532828996e-01 7.6532931564e-01 6.5343734564e-01 6.5343754578e-01 6.5343814625e-01 5.1550635500e-01 5.1550651012e-01 5.1550697549e-01 5.1550775110e-01 104 2 12
1.0000000000e+02 0.000737% 3.3212884533e+01 6.6426258310e+01 4.8924431367e-04 7.1055775608e+02 0.000144% 3.2209469658e+01 6.4419032142e+01 9.2825213743e-05 1.9695479868e+03 0.000176% 3.0993919129e+01 6.1987947274e+01 1.0901676438e-04 8.2827442796e-01 7.6532798218e-01 7.6532891761e-01 6.5343713063e-01 6.5343731317e-01 6.5343786079e-01 5.1550690213e-01 5.1550704360e-01 5.1550746801e-01 5.1550817537e-01 105 2 12
1.0964781961e+02 0.000672% 3.3213250127e+01 6.6426946460e+01 4.4620537039e-04 7.7911900106e+02 0.000131% 3.2209494526e+01 6.4419073708e+01 8.4656591418e-05 2.1595797934e+03 0.000160% 3.0994104519e+01 6.1988308463e+01 9.9424850375e-05 8.2827343142e-01 7.6532770150e-01 7.6532855462e-01 6.5343693454e-01 6.5343710101e-01 6.5343760045e-01 5.1550740111e-01 5.1550753013e-01 5.1550791720e-01 5.1550856231e-01 105 2 12
1.2022644346e+02 0.000613% 3.3213583565e+01 6.6427574082e+01 4.0695183172e-04 8.5429491163e+02 0.000120% 3.2209517202e+01 6.4419111610e+01 7.7206889149e-05 2.3679455265e+03 0.000146% 3.0994273597e+01 6.1988637872e+01 9.0676856901e-05 8.2827252256e-01 7.6532744552e-01 7.6532822358e-01 6.5343675570e-01 6.5343690753e-01 6.5343736301e-01 5.1550785617e-01 5.1550797384e-01 5.1550832685e-01 5.1550891520e-01 103 2 12
1.3182567386e+02 0.000559% 3.3213875089e+01 6.6428121484e+01 3.7130657892e-04 9.3672297130e+02 0.000109% 3.2209551499e+01 6.4419173418e+01 7.0419515954e-05 2.5964147501e+03 0.000134% 3.0994404321e+01 6.1988891546e+01 8.2904109517e-05 8.2827172750e-01 7.6532722154e-01 7.6532793143e-01 6.5343664109e-01 6.5343677957e-01 6.5343719504e-01 5.1550822667e-01 5.1550833421e-01 5.1550865682e-01 5.1550919452e-01 64 1 6
1.4454397707e+02 0.000510% 3.3214150387e+01 6.6428639415e+01 3.3864192000e-04 1.0271040922e+03 0.000100% 3.2209573087e+01 6.4419210395e+01 6.4221141329e-05 2.8469255837e+03 0.000122% 3.0994542331e+01 6.1989160278e+01 7.5615244000e-05 8.2827097342e-01 7.6532700681e-01 7.6532765424e-01 6.5343649884e-01 6.5343662513e-01 6.5343700404e-01 5.1550860111e-01 5.1550869920e-01 5.1550899344e-01 5.1550948386e-01 65 1 6
1.5848931925e+02 0.000465% 3.3214403873e+01 6.6429116595e+01 3.0884994929e-04 1.1262051919e+03 0.000091% 3.2209589729e+01 6.4419238029e+01 5.8569790372e-05 3.1216051354e+03 0.000111% 3.0994671925e+01 6.1989412811e+01 6.8962255218e-05 8.2827028184e-01 7.6532681157e-01 7.6532740204e-01 6.5343636060e-01 6.5343647579e-01 6.5343682135e-01 5.1550894900e-01 5.1550903845e-01 5.1550930680e-01 5.1550975407e-01 64 1 6
1.7378008287e+02 0.000424% 3.3214635653e+01 6.6429552984e+01 2.8167856790e-04 1.2348674318e+03 0.000083% 3.2209604210e+01 6.4419261835e+01 5.3415823725e-05 3.4227852582e+03 0.000101% 3.0994790879e+01 6.1989644653e+01 6.2894489207e-05 8.2826965033e-01 7.6532663382e-01 7.6532717234e-01 6.5343623274e-01 6.5343633779e-01 6.5343665294e-01 5.1550926753e-01 5.1550934911e-01 5.1550959385e-01 5.1551000176e-01 65 1 6
1.9054607180e+02 0.000387% 3.3214847174e+01 6.6429951245e+01 2.5689729857e-04 1.3540132193e+03 0.000076% 3.2209617265e+01 6.4419283246e+01 4.8715423391e-05 3.7530226934e+03 0.000093% 3.0994899526e+01 6.1989856413e+01 5.7360592461e-05 8.2826907423e-01 7.6532647180e-01 7.6532696293e-01 6.5343611575e-01 6.5343621155e-01 6.5343649897e-01 5.1550955829e-01 5.1550963270e-01 5.1550985590e-01 5.1551022792e-01 64 1 6
2.0892961309e+02 0.000353% 3.3215040116e+01 6.6430314527e+01 2.3429594435e-04 1.4846539802e+03 0.000069% 3.2209629139e+01 6.4419302707e+01 4.4428671475e-05 4.1151208403e+03 0.000084% 3.0994998646e+01 6.1990049606e+01 5.2313596136e-05 8.2826854878e-01 7.6532632405e-01 7.6532677196e-01 6.5343600897e-01 6.5343609634e-01 6.5343635847e-01 5.1550982352e-01 5.1550989138e-01 5.1551009495e-01 5.1551043423e-01 64 1 6
2.2908676528e+02 0.000322% 3.3215216090e+01 6.6430645862e+01 2.1368278926e-04 1.6278987268e+03 0.000063% 3.2209639961e+01 6.4419320442e+01 4.0519161199e-05 4.5121535635e+03 0.000077% 3.0995089052e+01 6.1990225815e+01 4.7710661716e-05 8.2826806956e-01 7.6532618930e-01 7.6532659781e-01 6.5343591157e-01 6.5343599126e-01 6.5343623032e-01 5.1551006543e-01 5.1551012731e-01 5.1551031297e-01 5.1551062239e-01 64 1 6
2.5118864315e+02 0.000293% 3.3215376584e+01 6.6430948051e+01 1.9488297365e-04 1.7849634685e+03 0.000057% 3.2209649829e+01 6.4419336611e+01 3.6953690572e-05 4.9474912878e+03 0.000070% 3.0995171505e+01 6.1990386522e+01 4.3512719612e-05 8.2826763251e-01 7.6532606642e-01 7.6532643898e-01 6.5343582274e-01 6.5343589541e-01 6.5343611344e-01 5.1551028605e-01 5.1551034249e-01 5.1551051181e-01 5.1551079401e-01 65 1 6
2.7542287033e+02 0.000268% 3.3215522959e+01 6.6431223655e+01 1.7773700899e-04 1.9571815334e+03 0.000052% 3.2209658827e+01 6.4419351355e+01 3.3701980438e-05 5.4248296109e+03 0.000064% 3.0995246703e+01 6.1990533090e+01 3.9684137615e-05 8.2826723391e-01 7.6532595435e-01 7.6532629413e-01 6.5343574172e-01 6.5343580800e-01 6.5343600684e-01 5.1551048726e-01 5.1551053873e-01 5.1551069315e-01 5.1551095052e-01 64 1 6
3.0199517204e+02 0.000244% 3.3215656457e+01 6.6431475013e+01 1.6209943035e-04 2.1460148866e+03 0.000048% 3.2209667032e+01 6.4419364801e+01 3.0736416796e-05 5.9482206745e+03 0.000058% 3.0995315285e+01 6.1990666762e+01 3.6192418295e-05 8.2826687039e-01 7.6532585215e-01 7.6532616203e-01 6.5343566783e-01 6.5343572828e-01 6.5343590963e-01 5.1551067076e-01 5.1551071770e-01 5.1551085854e-01 5.1551109326e-01 64 1 6
3.3113112148e+02 0.000223% 3.3215778210e+01 6.6431704258e+01 1.4783756175e-04 2.3530665413e+03 0.000044% 3.2209674515e+01 6.4419377063e+01 2.8031816562e-05 6.5221075641e+03 0.000053% 3.0995377832e+01 6.1990788673e+01 3.3007923222e-05 8.2826653885e-01 7.6532575894e-01 7.6532604156e-01 6.5343560044e-01 6.5343565557e-01 6.5343582096e-01 5.1551083812e-01 5.1551088093e-01 5.1551100937e-01 5.1551122344e-01 70 1 6
3.6307805477e+02 0.000203% 3.3215889252e+01 6.6431913334e+01 1.3483039404e-04 2.5800941663e+03 0.000040% 3.2209681340e+01 6.4419388245e+01 2.5565213481e-05 7.1513620259e+03 0.000049% 3.0995434876e+01 6.1990899857e+01 3.0103621610e-05 8.2826623648e-01 7.6532567393e-01 7.6532593168e-01 6.5343553899e-01 6.5343558926e-01 6.5343574010e-01 5.1551099075e-01 5.1551102979e-01 5.1551114693e-01 5.1551134216e-01 69 1 6
3.9810717055e+02 0.000185% 3.3215990524e+01 6.6432104016e+01 1.2296755873e-04 2.8290250072e+03 0.000036% 3.2209687563e+01 6.4419398442e+01 2.3315662733e-05 7.8413258232e+03 0.000044% 3.0995486901e+01 6.1991001258e+01 2.7454860669e-05 8.2826596072e-01 7.6532559640e-01 7.6532583147e-01 6.5343548293e-01 6.5343552879e-01 6.5343566635e-01 5.1551112995e-01 5.1551116556e-01 5.1551127239e-01 5.1551145044e-01 65 1 6
4.3651583224e+02 0.000169% 3.3216082886e+01 6.6432277921e+01 1.1214839317e-04 3.1019722466e+03 0.000033% 3.2209693239e+01 6.4419407741e+01 2.1264063153e-05 8.5978560832e+03 0.000040% 3.0995534349e+01 6.1991093737e+01 2.5039156673e-05 8.2826570923e-01 7.6532552570e-01 7.6532574008e-01 6.5343543181e-01 6.5343547363e-01 6.5343559909e-01 5.1551125690e-01 5.1551128937e-01 5.1551138681e-01 5.1551154919e-01 64 1 6
4.7863009232e+02 0.000154% 3.3216167123e+01 6.6432436526e+01 1.0228108825e-04 3.4012529435e+03 0.000030% 3.2209698415e+01 6.4419416222e+01 1.9392994489e-05 9.4273750183e+03 0.000037% 3.0995577621e+01 6.1991178079e+01 2.2836004052e-05 8.2826547986e-01 7.6532546121e-01 7.6532565674e-01 6.5343538519e-01 6.5343542333e-01 6.5343553775e-01 5.1551137268e-01 5.1551140230e-01 5.1551149116e-01 5.1551163925e-01 65 1 6
5.2480746025e+02 0.000140% 3.3216243948e+01 6.6432581177e+01 9.3281908879e-05 3.7294077022e+03 0.000027% 3.2209703135e+01 6.4419423956e+01 1.7686569960e-05 1.0336924444e+04 0.000034% 3.0995617086e+01 6.1991254999e+01 2.0826701298e-05 8.2826527067e-01 7.6532540240e-01 7.6532558073e-01 6.5343534267e-01 6.5343537746e-01 6.5343548181e-01 5.1551147827e-01 5.1551150529e-01 5.1551158632e-01 5.1551172139e-01 64 1 6
5.7543993734e+02 0.000128% 3.3216314014e+01 6.6432713102e+01 8.5074484187e-05 4.0892222402e+03 0.000025% 3.2209707440e+01 6.4419431010e+01 1.6130300942e-05 1.1334225558e+04 0.000031% 3.0995653079e+01 6.1991325152e+01 1.8994192397e-05 8.2826507989e-01 7.6532534877e-01 7.6532551140e-01 6.5343530389e-01 6.5343533562e-01 6.5343543079e-01 5.1551157457e-01 5.1551159921e-01 5.1551167312e-01 5.1551179630e-01 64 1 6
6.3095734448e+02 0.000117% 3.3216377915e+01 6.6432833419e+01 7.7589161376e-05 4.4837510358e+03 0.000023% 3.2209711365e+01 6.4419437442e+01 1.4710973884e-05 1.2427744484e+04 0.000028% 3.0995685905e+01 6.1991389132e+01 1.7322921878e-05 8.2826490590e-01 7.6532529986e-01 7.6532544818e-01 6.5343526853e-01 6.5343529746e-01 6.5343538425e-01 5.1551166240e-01 5.1551168487e-01 5.1551175228e-01 5.1551186462e-01 64 1 6
6.9183097092e+02 0.000107% 3.3216436194e+01 6.6432943150e+01 7.0762413963e-05 4.9163432580e+03 0.000021% 3.2209714946e+01 6.4419443308e+01 1.3416538076e-05 1.3626764144e+04 0.000025% 3.0995715842e+01 6.1991447483e+01 1.5798702936e-05 8.2826474722e-01 7.6532525525e-01 7.6532539052e-01 6.5343523627e-01 6.5343526266e-01 6.5343534182e-01 5.1551174250e-01 5.1551176299e-01 5.1551182447e-01 5.1551192693e-01 65 1 6
7.5857757503e+02 0.000097% 3.3216489345e+01 6.6433043227e+01 6.4536302613e-05 5.3906711975e+03 0.000019% 3.2209718211e+01 6.4419448658e+01 1.2236003662e-05 1.4941463058e+04 0.000023% 3.0995743145e+01 6.1991500699e+01 1.4408596996e-05 8.2826460250e-01 7.6532521456e-01 7.6532533793e-01 6.5343520686e-01 6.5343523092e-01 6.5343530311e-01 5.1551181555e-01 5.1551183424e-01 5.1551189031e-01 5.1551198375e-01 65 1 6
8.3176377110e+02 0.000089% 3.3216537820e+01 6.6433134498e+01 5.8857985649e-05 5.9107614411e+03 0.000017% 3.2209721189e+01 6.4419453537e+01 1.1159347701e-05 1.6383001752e+04 0.000021% 3.0995768046e+01 6.1991549233e+01 1.3140803758e-05 8.2826447051e-01 7.6532517746e-01 7.6532528997e-01 6.5343518003e-01 6.5343520197e-01 6.5343526781e-01 5.1551188218e-01 5.1551189922e-01 5.1551195036e-01 5.1551203558e-01 64 1 6
9.1201083936e+02 0.000081% 3.3216582030e+01 6.6433217740e+01 5.3679269375e-05 6.4810290533e+03 0.000016% 3.2209723904e+01 6.4419457986e+01 1.0177429034e-05 1.7963617498e+04 0.000019% 3.0995790756e+01 6.1991593497e+01 1.1984561509e-05 8.2826435014e-01 7.6532514362e-01 7.6532524623e-01 6.5343515556e-01 6.5343517557e-01 6.5343523562e-01 5.1551194294e-01 5.1551195848e-01 5.1551200512e-01 5.1551208284e-01 63 1 6
1.0000000000e+03 0.000074% 3.3216622350e+01 6.6433293657e+01 4.8956198766e-05 7.1063150561e+03 0.000014% 3.2209726381e+01 6.4419462044e+01 9.2819114686e-06 1.9696728201e+04 0.000018% 3.0995811468e+01 6.1991633866e+01 1.0930054999e-05 8.2826424035e-01 7.6532511276e-01 7.6532520634e-01 6.5343513324e-01 6.5343515150e-01 6.5343520626e-01 5.1551199836e-01 5.1551201253e-01 5.1551205506e-01 5.1551212595e-01 64 1 6
