1.0000000000e-03 0.001374% 3.2468331255e-02 6.4937554922e-02 8.9241135222e-07 6.4091658177e-03 0.003108% 2.2624204240e-01 4.5249814723e-01 1.4062426680e-05 2.4226705499e-02 -0.027339% 5.5933994647e-01 1.1183741424e+00 -3.0575052162e-04 8.4170237449e-01 7.7642748109e-01 7.7644761333e-01 6.7176759722e-01 6.7178865751e-01 6.7185216817e-01 4.9602376877e-01 4.9594401907e-01 4.9570422022e-01 4.9530271092e-01 1449 4 114
1.0964781961e-03 0.001436% 3.5604303164e-02 7.1209629009e-02 1.0226814688e-06 7.0311177545e-03 0.003227% 2.4801383007e-01 4.9604366658e-01 1.6006451810e-05 2.6551457323e-02 -0.028594% 6.1277147151e-01 1.2251926076e+00 -3.5033541738e-04 8.4167141422e-01 7.7640752288e-01 7.7642855105e-01 6.7171164146e-01 6.7173346324e-01 6.7179928547e-01 4.9608898187e-01 4.9600585097e-01 4.9575586122e-01 4.9533720783e-01 1210 3 102
1.2022644346e-03 0.001501% 3.9043227589e-02 7.8087627057e-02 1.1718800731e-06 7.7135944588e-03 0.003349% 2.7187355520e-01 5.4376532259e-01 1.8212184779e-05 2.9098663100e-02 -0.029910% 6.7124152040e-01 1.3420816224e+00 -4.0141839056e-04 8.4163906725e-01 7.7638665249e-01 7.7640861374e-01 6.7165323470e-01 6.7167583328e-01 6.7174401496e-01 4.9615700864e-01 4.9607037170e-01 4.9580981276e-01 4.9537337201e-01 1027 3 96
1.3182567386e-03 0.001568% 4.2814369356e-02 8.5630081452e-02 1.3427399461e-06 8.4625098502e-03 0.003475% 2.9801992558e-01 5.9606056484e-01 2.0713680759e-05 3.1889519101e-02 -0.031290% 7.3521163142e-01 1.4699633128e+00 -4.5995008746e-04 8.4160527360e-01 7.7636482957e-01 7.7638776226e-01 6.7159227509e-01 6.7161566495e-01 6.7168625160e-01 4.9622796132e-01 4.9613769044e-01 4.9586617453e-01 4.9541128643e-01 1182 3 108
1.4454397707e-03 0.001638% 4.6949816675e-02 9.3901171738e-02 1.5383871058e-06 9.2843585624e-03 0.003604% 3.2667023450e-01 6.5336401805e-01 2.3549054448e-05 3.4947228848e-02 -0.032737% 8.0518281094e-01 1.6098386015e+00 -5.2702041312e-04 8.4156997242e-01 7.7634201226e-01 7.7636595601e-01 6.7152866056e-01 6.7155285503e-01 6.7162588883e-01 4.9630195239e-01 4.9620791686e-01 4.9592504758e-01 4.9545103688e-01 1194 3 108
1.5848931925e-03 0.001712% 5.1484753232e-02 1.0297126886e-01 1.7623953627e-06 1.0186273680e-02 0.003737% 3.5806203506e-01 7.1615083115e-01 2.6761026641e-05 3.8297191125e-02 -0.034257% 8.8169834600e-01 1.7627928119e+00 -6.0388006360e-04 8.4153310078e-01 7.7631815702e-01 7.7634315274e-01 6.7146228613e-01 6.7148729720e-01 6.7156281642e-01 4.9637909706e-01 4.9628116356e-01 4.9598653637e-01 4.9549271321e-01 1198 3 108
1.7378008287e-03 0.001788% 5.6457755706e-02 1.1291753026e-01 2.0188501088e-06 1.1176089995e-02 0.003873% 3.9245494809e-01 7.8494029361e-01 3.0397431376e-05 4.1967205598e-02 -0.035853% 9.6534668262e-01 1.9300014005e+00 -6.9196470715e-04 8.4149459353e-01 7.7629321861e-01 7.7631930847e-01 6.7139304364e-01 6.7141888175e-01 6.7149692012e-01 4.9645951361e-01 4.9635754635e-01 4.9605074897e-01 4.9553640964e-01 1200 3 102
1.9054607180e-03 0.001867% 6.1911119505e-02 1.2382455143e-01 2.3124210856e-06 1.2262413548e-02 0.004012% 4.3013261383e-01 8.6029973941e-01 3.4511754011e-05 4.5987697469e-02 -0.037531% 1.0567643494e+00 2.1127357760e+00 -7.9292272952e-04 8.4145438328e-01 7.7626714998e-01 7.7629437744e-01 6.7132082177e-01 6.7134749560e-01 6.7142808163e-01 4.9654332319e-01 4.9643718410e-01 4.9611779713e-01 4.9558222498e-01 1084 3 96
2.0892961309e-03 0.001950% 6.7891215458e-02 1.3578507936e-01 2.6484449908e-06 1.3454698126e-02 0.004154% 4.7140479583e-01 9.4284875537e-01 3.9163712374e-05 5.0391962867e-02 -0.039295% 1.1566388915e+00 2.3123691358e+00 -9.0864722431e-04 8.4141240038e-01 7.7623990229e-01 7.7626831207e-01 6.7124550611e-01 6.7127302230e-01 6.7135617856e-01 4.9663064978e-01 4.9652019873e-01 4.9618779628e-01 4.9563026277e-01 1005 3 96
2.2908676528e-03 0.002037% 7.4448880298e-02 1.4890079362e-01 3.0330203178e-06 1.4763329444e-02 0.004299% 5.1660964408e-01 1.0332637081e+00 4.4419887452e-05 5.5216436746e-02 -0.041152% 1.2657117677e+00 2.5303822225e+00 -1.0413129408e-03 8.4136857281e-01 7.7621142480e-01 7.7624106287e-01 6.7116697897e-01 6.7119534190e-01 6.7128108423e-01 4.9672162024e-01 4.9660671530e-01 4.9626086571e-01 4.9568063157e-01 905 3 90
2.5118864315e-03 0.002127% 8.1639843603e-02 1.6328316032e-01 3.4731150842e-06 1.6199717532e-02 0.004447% 5.6611612197e-01 1.1322825983e+00 5.0354316599e-05 6.0500985725e-02 -0.043109% 1.3847811386e+00 2.7683688590e+00 -1.1934181446e-03 8.4132282658e-01 7.7618166491e-01 7.7621257848e-01 6.7108512039e-01 6.7111433186e-01 6.7120266843e-01 4.9681636324e-01 4.9669686099e-01 4.9633712787e-01 4.9573344480e-01 1021 3 96
2.7542287033e-03 0.002221% 8.9525196047e-02 1.7905436878e-01 3.9766904087e-06 1.7776398966e-02 0.004598% 6.2032660968e-01 1.2407102687e+00 5.7049306151e-05 6.6289226946e-02 -0.045172% 1.5147045064e+00 3.0280411783e+00 -1.3678345930e-03 8.4127508489e-01 7.7615056797e-01 7.7618280545e-01 6.7099980629e-01 6.7102986527e-01 6.7112079582e-01 4.9691501105e-01 4.9679076686e-01 4.9641670981e-01 4.9578882169e-01 1033 3 96
3.0199517204e-03 0.002319% 9.8171900042e-02 1.9634835292e-01 4.5528405392e-06 1.9507148543e-02 0.004752% 6.7967967557e-01 1.3594239472e+00 6.4596012320e-05 7.2628877268e-02 -0.047350% 1.6564010548e+00 3.3112342470e+00 -1.5678625013e-03 8.4122526896e-01 7.7611807741e-01 7.7615168835e-01 6.7091091049e-01 6.7094181274e-01 6.7103532748e-01 4.9701769740e-01 4.9688856583e-01 4.9649974174e-01 4.9584688674e-01 953 3 90
3.3113112148e-03 0.002421% 1.0765334926e-01 2.1531191047e-01 5.2119534483e-06 2.1407102771e-02 0.004908% 7.4465302977e-01 1.4893791548e+00 7.3095219682e-05 7.9572133488e-02 -0.049650% 1.8108536339e+00 3.6199099723e+00 -1.7972955597e-03 8.4117329762e-01 7.7608413458e-01 7.7611916966e-01 6.7081830384e-01 6.7085004161e-01 6.7094612021e-01 4.9712455824e-01 4.9699039346e-01 4.9658635766e-01 4.9590777026e-01 973 3 90
3.6307805477e-03 0.002527% 1.1804997974e-01 2.3610592538e-01 5.9658937998e-06 2.3492895499e-02 0.005066% 8.1576665151e-01 1.6316159611e+00 8.2658033150e-05 8.7176087583e-02 -0.052083% 1.9791102226e+00 3.9561599505e+00 -2.0604946822e-03 8.4111908744e-01 7.7604867877e-01 7.7608518971e-01 6.7072185459e-01 6.7075441621e-01 6.7085302668e-01 4.9723573131e-01 4.9709638755e-01 4.9667669526e-01 4.9597160854e-01 970 3 90
3.9810717055e-03 0.002637% 1.2944993771e-01 2.5890670364e-01 6.8282117379e-06 2.5782807209e-02 0.005226% 8.9358608836e-01 1.7872655833e+00 9.3406545042e-05 9.5503179681e-02 -0.054659% 2.1622847152e+00 4.3222069579e+00 -2.3624724894e-03 8.4106255273e-01 7.7601164717e-01 7.7604968666e-01 6.7062142849e-01 6.7065479803e-01 6.7075589550e-01 4.9735135585e-01 4.9720668791e-01 4.9677089575e-01 4.9603854403e-01 998 3 90
4.3651583224e-03 0.002752% 1.4194980879e-01 2.8390743197e-01 7.8143817778e-06 2.8296929281e-02 0.005388% 9.7872591753e-01 1.9575573095e+00 1.0547441774e-04 1.0462169214e-01 -0.057389% 2.3615568420e+00 4.7204046943e+00 -2.7089896664e-03 8.4100360558e-01 7.7597297480e-01 7.7601259643e-01 6.7051688904e-01 6.7055104586e-01 6.7065457137e-01 4.9747157231e-01 4.9732143614e-01 4.9686910382e-01 4.9610872551e-01 902 3 84
4.7863009232e-03 0.002872% 1.5565541457e-01 3.1131977121e-01 8.9420726661e-06 3.1057344964e-02 0.005551% 1.0718533578e+00 2.1438257230e+00 1.1900741693e-04 1.1460628854e-01 -0.060286% 2.5781710087e+00 5.1532353528e+00 -3.1066646693e-03 8.4094215593e-01 7.7593259465e-01 7.7597385276e-01 6.7040809743e-01 6.7044301579e-01 6.7054889496e-01 4.9759652212e-01 4.9744077543e-01 4.9697146762e-01 4.9618230838e-01 805 3 78
5.2480746025e-03 0.002997% 1.7068267994e-01 3.4137559135e-01 1.0231461788e-05 3.4088327825e-02 0.005715% 1.1736919992e+00 2.3475181620e+00 1.3416351917e-04 1.2553860147e-01 -0.063363% 2.8134337595e+00 5.6233044221e+00 -3.5630968208e-03 8.4087811184e-01 7.7589043744e-01 7.7593338704e-01 6.7029491372e-01 6.7033056228e-01 6.7043870387e-01 4.9772634661e-01 4.9756484953e-01 4.9707813804e-01 4.9625945443e-01 1002 3 90
5.7543993734e-03 0.003127% 1.8715858167e-01 3.7432886893e-01 1.1705587565e-05 3.7416561452e-02 0.005879% 1.2850256425e+00 2.5702023981e+00 1.5111314940e-04 1.3750787260e-01 -0.066636% 3.0687096520e+00 6.1333322964e+00 -4.0870075659e-03 8.4081137910e-01 7.7584643171e-01 7.7589112832e-01 6.7017719554e-01 6.7021353694e-01 6.7032383148e-01 4.9786118795e-01 4.9769380380e-01 4.9718926962e-01 4.9634033269e-01 982 3 90
6.3095734448e-03 0.003262% 2.0522217887e-01 4.1045774850e-01 1.3390754598e-05 4.1071379789e-02 0.006044% 1.4067021792e+00 2.8135743970e+00 1.7003859494e-04 1.5061165199e-01 -0.070121% 3.3454150943e+00 6.6861417938e+00 -4.6883948712e-03 8.4074186186e-01 7.7580050391e-01 7.7584700339e-01 6.7005479988e-01 6.7009179023e-01 6.7020410845e-01 4.9800118729e-01 4.9782778333e-01 4.9730501921e-01 4.9642511891e-01 1002 3 90
6.9183097092e-03 0.003403% 2.2502573680e-01 4.5006679059e-01 1.5316997505e-05 4.5085032561e-02 0.006207% 1.5396374811e+00 3.0794660953e+00 1.9113313768e-04 1.6495655885e-01 -0.073836% 3.6450098704e+00 7.2846410336e+00 -5.3787072451e-03 8.4066946253e-01 7.7575257833e-01 7.7580093670e-01 6.6992758276e-01 6.6996517115e-01 6.7007936244e-01 4.9814648487e-01 4.9796693324e-01 4.9742554630e-01 4.9651399593e-01 969 3 90
7.5857757503e-03 0.003550% 2.4673594860e-01 4.9348941582e-01 1.7518609655e-05 4.9492977017e-02 0.006368% 1.6848192180e+00 3.3698530353e+00 2.1459934452e-04 1.8065911132e-01 -0.077801% 3.9689858883e+00 7.9318007428e+00 -6.1710338017e-03 8.4059408196e-01 7.7570257712e-01 7.7575285035e-01 6.6979539977e-01 6.6983352773e-01 6.6994941860e-01 4.9829721934e-01 4.9811139794e-01 4.9755101253e-01 4.9660715375e-01 884 3 78
8.3176377110e-03 0.003703% 2.7053526321e-01 5.4109056117e-01 2.0034748624e-05 5.4334199021e-02 0.006527% 1.8433105196e+00 3.6868616856e+00 2.4064637523e-04 1.9784663032e-01 -0.082037% 4.3188527233e+00 8.6306251360e+00 -7.0803106384e-03 8.4051561968e-01 7.7565042036e-01 7.7570266413e-01 6.6965810654e-01 6.6969670757e-01 6.6981409991e-01 4.9845352712e-01 4.9826132063e-01 4.9768158140e-01 4.9670478952e-01 817 3 78
9.1201083936e-03 0.003862% 2.9662332681e-01 5.9326956375e-01 2.2910125963e-05 5.9651566320e-02 0.006682% 2.0162533705e+00 4.0327762270e+00 2.6948593957e-04 2.1665822454e-01 -0.086567% 4.6961194834e+00 9.3841154258e+00 -8.1235410679e-03 8.4043397410e-01 7.7559602612e-01 7.7565029553e-01 6.6951555929e-01 6.6955455827e-01 6.6967322779e-01 4.9861554162e-01 4.9841684258e-01 4.9781741776e-01 4.9680710750e-01 819 3 78
1.0000000000e-02 0.004027% 3.2521854579e-01 6.5046328738e-01 2.6195799755e-05 6.5492217239e-02 0.006833% 2.2048716020e+00 4.4100445306e+00 3.0132650568e-04 2.3724586307e-01 -0.091416% 5.1022725143e+00 1.0195225003e+01 -9.3200259830e-03 8.4034904279e-01 7.7553931048e-01 7.7559565980e-01 6.6936761536e-01 6.6940692808e-01 6.6952662259e-01 4.9878339253e-01 4.9857810246e-01 4.9795868743e-01 4.9691431907e-01 782 3 78
1.0964781961e-02 0.004200% 3.5655977935e-01 7.1314950877e-01 2.9950077787e-05 7.1907988327e-02 0.006977% 2.4104733160e+00 4.8212829973e+00 3.3636523039e-04 2.5977554386e-01 -0.096610% 5.5387484700e+00 1.1066805342e+01 -1.0691598155e-02 8.4026072272e-01 7.7548018769e-01 7.7553866996e-01 6.6921413382e-01 6.6925366642e-01 6.6937410424e-01 4.9895720500e-01 4.9874523564e-01 4.9810555660e-01 4.9702664253e-01 789 3 78
1.2022644346e-02 0.004379% 3.9090816942e-01 7.8185057839e-01 3.4239551761e-05 7.8955884720e-02 0.007112% 2.6344525380e+00 5.2692798529e+00 3.7477690974e-04 2.8442856626e-01 -0.102177% 6.0069022984e+00 1.2001541746e+01 -1.2262851119e-02 8.4016891066e-01 7.7541857023e-01 7.7547923693e-01 6.6905497620e-01 6.6909462468e-01 6.6921549297e-01 4.9913709870e-01 4.9891837330e-01 4.9825819127e-01 4.9714430296e-01 783 3 72
1.3182567386e-02 0.004566% 4.2854911600e-01 8.5713737228e-01 3.9140279941e-05 8.6698597471e-02 0.007238% 2.8782898585e+00 5.7569964161e+00 4.1669912483e-04 3.1140291670e-01 -0.108149% 6.5079697634e+00 1.3001878177e+01 -1.4061349924e-02 8.4007350350e-01 7.7535436893e-01 7.7541726958e-01 6.6889000725e-01 6.6892965697e-01 6.6905061021e-01 4.9932318690e-01 4.9909764154e-01 4.9841675652e-01 4.9726753189e-01 772 3 72
1.4454397707e-02 0.004761% 4.6979440526e-01 9.3963354967e-01 4.4739139706e-05 9.5205072438e-02 0.007351% 3.1435517756e+00 6.2875657636e+00 4.6221253505e-04 3.4091477753e-01 -0.114555% 7.0430242335e+00 1.4069930661e+01 -1.6117806185e-02 8.3997439874e-01 7.7528749321e-01 7.7535267486e-01 6.6871909575e-01 6.6875862099e-01 6.6887927946e-01 4.9951557540e-01 4.9928316043e-01 4.9858141579e-01 4.9739656693e-01 744 3 72
1.5848931925e-02 0.004965% 5.1498449749e-01 1.0300201304e+00 5.1135373255e-05 1.0455113577e-01 0.007449% 3.4318884011e+00 6.8642881173e+00 5.1131503425e-04 3.7320016982e-01 -0.121429% 7.6129276298e+00 1.5207389065e+01 -1.8466194406e-02 8.3987149490e-01 7.7521785115e-01 7.7528535794e-01 6.6854211544e-01 6.6858137895e-01 6.6870132738e-01 4.9971436141e-01 4.9947504294e-01 4.9875232998e-01 4.9753165136e-01 728 3 72
1.7378008287e-02 0.005176% 5.6449098030e-01 1.1290404030e+00 5.8442357866e-05 1.1482018123e-01 0.007528% 3.7450291342e+00 7.4906221566e+00 5.6388812121e-04 4.0851674180e-01 -0.128804% 8.2182756536e+00 1.6415407527e+01 -2.1143780011e-02 8.3976469205e-01 7.7514534974e-01 7.7521522235e-01 6.6835894601e-01 6.6839779865e-01 6.6851658499e-01 4.9991963246e-01 4.9967339385e-01 4.9892965659e-01 4.9767303343e-01 720 3 66
1.9054607180e-02 0.005397% 6.1871932215e-01 1.2375054337e+00 6.6789362151e-05 1.2610398860e-01 0.007585% 4.0847763730e+00 8.1701724207e+00 6.1967475360e-04 4.4714565322e-01 -0.136716% 8.8593403320e+00 1.7694489470e+01 -2.4191193761e-02 8.3965387823e-01 7.7506989433e-01 7.7514216907e-01 6.6816944111e-01 6.6820772276e-01 6.6832486094e-01 5.0013149594e-01 4.9987833783e-01 4.9911357298e-01 4.9782098162e-01 1008 4 95
2.0892961309e-02 0.005627% 6.7811119478e-01 1.3562987143e+00 7.6324779436e-05 1.3850332217e-01 0.007614% 4.4529937696e+00 8.9066656864e+00 6.7814734371e-04 4.8939393153e-01 -0.145196% 9.5359959383e+00 1.9044340345e+01 -2.7651531966e-02 8.3953898441e-01 7.7499139232e-01 7.7506610134e-01 6.6797355575e-01 6.6801109157e-01 6.6812604990e-01 5.0034995960e-01 5.0008990606e-01 4.9930418206e-01 4.9797572302e-01 875 4 88
2.2908676528e-02 0.005868% 7.4314811119e-01 1.4863834398e+00 8.7217448256e-05 1.5212916670e-01 0.007611% 4.8515955541e+00 9.7039296543e+00 7.3854612352e-04 5.3559644891e-01 -0.154276% 1.0247664886e+01 2.0463759014e+01 -3.1570757042e-02 8.3941990707e-01 7.7490974840e-01 7.7498691820e-01 6.6777116617e-01 6.6780776977e-01 6.6791998060e-01 5.0057510021e-01 5.0030819610e-01 4.9950164499e-01 4.9813752942e-01 995 4 96
2.5118864315e-02 0.006119% 8.1435415575e-01 1.6288079719e+00 9.9660441786e-05 1.6710352660e-01 0.007569% 5.2825272001e+00 1.0565854126e+01 7.9972555714e-04 5.8611864233e-01 -0.163989% 1.0993240573e+01 2.1950484763e+01 -3.5996382672e-02 8.3929655872e-01 7.7482486814e-01 7.7490451910e-01 6.6756218664e-01 6.6759765899e-01 6.6770651530e-01 5.0080695380e-01 5.0053326776e-01 4.9970609456e-01 4.9830666065e-01 978 4 96
2.7542287033e-02 0.006381% 8.9229938972e-01 1.7847126537e+00 1.1387424627e-04 1.8356057062e-01 0.007481% 5.7477432536e+00 1.1496346569e+01 8.6006218336e-04 6.4135920529e-01 -0.174360% 1.1771022014e+01 2.3501067537e+01 -4.0976491644e-02 8.3916885720e-01 7.7473665776e-01 7.7481880331e-01 6.6734654404e-01 6.6738067353e-01 6.6748552899e-01 5.0104553929e-01 5.0076516547e-01 4.9991765349e-01 4.9848337608e-01 1013 4 96
3.0199517204e-02 0.006654% 9.7760331999e-01 1.9553367506e+00 1.3011057482e-04 2.0164783850e-01 0.007339% 6.2491790980e+00 1.2499275520e+01 9.1732362642e-04 7.0175306795e-01 -0.185412% 1.2578651463e+01 2.5110744692e+01 -4.6558234001e-02 8.3903672627e-01 7.7464502446e-01 7.7472967028e-01 6.6712417870e-01 6.6715674132e-01 6.6725691089e-01 5.0129085761e-01 5.0100391734e-01 5.0013643338e-01 4.9866793327e-01 790 4 80
3.3113112148e-02 0.006940% 1.0709385011e+00 2.1420256589e+00 1.4865668209e-04 2.2152756183e-01 0.007133% 6.7887162449e+00 1.3578400999e+01 9.6850894212e-04 7.6777464521e-01 -0.197158% 1.3413060996e+01 2.6773336130e+01 -5.2785861665e-02 8.3890009667e-01 7.7454987690e-01 7.7463702000e-01 6.6689504623e-01 6.6692580593e-01 6.6702056683e-01 5.0154288997e-01 5.0124953340e-01 5.0036253288e-01 4.9886058609e-01 743 4 79
3.6307805477e-02 0.007239% 1.1730342672e+00 2.3462383745e+00 1.6984005997e-04 2.4337811783e-01 0.006851% 7.3681404736e+00 1.4737290608e+01 1.0096607417e-03 8.3994138317e-01 -0.209606% 1.4270433265e+01 2.8481168261e+01 -5.9698268534e-02 8.3875890713e-01 7.7445112636e-01 7.7454075408e-01 6.6665911857e-01 6.6668782787e-01 6.6677642134e-01 5.0180159630e-01 5.0150200400e-01 5.0059603592e-01 4.9906158262e-01 759 4 80
3.9810717055e-02 0.007551% 1.2846805068e+00 2.5695550477e+00 1.9403398938e-04 2.6739560686e-01 0.006481% 7.9890918795e+00 1.5979219395e+01 1.0356361676e-03 9.1881760765e-01 -0.222749% 1.5146181573e+01 3.0225037135e+01 -6.7326011448e-02 8.3861310561e-01 7.7434868608e-01 7.7444077518e-01 6.6641638714e-01 6.6644278771e-01 6.6652442094e-01 5.0206691336e-01 5.0176129784e-01 5.0083700957e-01 4.9927116266e-01 762 4 80
4.3651583224e-02 0.007878% 1.4067315259e+00 2.8136847150e+00 2.2166324091e-04 2.9379560068e-01 0.006008% 8.6530065955e+00 1.7307053044e+01 1.0398524505e-03 1.0050187441e+00 -0.236567% 1.6034956240e+01 3.1994224625e+01 -7.5687855966e-02 8.3846265040e-01 7.7424247325e-01 7.7433698885e-01 6.6616686326e-01 6.6619068694e-01 6.6626453607e-01 5.0233875334e-01 5.0202736050e-01 5.0108550223e-01 4.9948955528e-01 765 4 80
4.7863009232e-02 0.008220% 1.5401098522e+00 3.0804729150e+00 2.5321061628e-04 3.2281503957e-01 0.005416% 9.3610494016e+00 1.8723112793e+01 1.0139901327e-03 1.0992159047e+00 -0.251023% 1.6930682645e+01 3.3776578379e+01 -8.4786910304e-02 8.3830751141e-01 7.7413240915e-01 7.7422930364e-01 6.6591058082e-01 6.6593155077e-01 6.6599676438e-01 5.0261700206e-01 5.0230011250e-01 5.0134154126e-01 4.9971697573e-01 699 4 76
5.2480746025e-02 0.008577% 1.6858099610e+00 3.3719091459e+00 2.8922387736e-04 3.5471431329e-01 0.004685% 1.0114037308e+01 2.0229022285e+01 9.4766791591e-04 1.2021409027e+00 -0.266058% 1.7826637313e+01 3.5558668113e+01 -9.4606512391e-02 8.3814767159e-01 7.7401842010e-01 7.7411763203e-01 6.6564759820e-01 6.6566543025e-01 6.6572113373e-01 5.0290151728e-01 5.0257944742e-01 5.0160513070e-01 4.9995362228e-01 672 4 72
5.7543993734e-02 0.008952% 1.8449018128e+00 3.6901339488e+00 3.3032311764e-04 3.8977953438e-01 0.003794% 1.0912354323e+01 2.1825536740e+01 8.2809372228e-04 1.3145917275e+00 -0.281589% 1.8715566693e+01 3.7326027279e+01 -1.0510610695e-01 8.3798312831e-01 7.7390043834e-01 7.7400189133e-01 6.6537800035e-01 6.6539240469e-01 6.6543770533e-01 5.0319212708e-01 5.0286523015e-01 5.0187624884e-01 5.0019967261e-01 672 4 72
6.3095734448e-02 0.009343% 2.0185340929e+00 4.0374453941e+00 3.7720839002e-04 4.2832502084e-01 0.002721% 1.1755858249e+01 2.3512356204e+01 6.3970645273e-04 1.4374385290e+00 -0.297509% 1.9589851555e+01 3.9063485663e+01 -1.1621744664e-01 8.3781389487e-01 7.7377840302e-01 7.7388200460e-01 6.6510190096e-01 6.6511258405e-01 6.6514657707e-01 5.0348862822e-01 5.0315729505e-01 5.0215484570e-01 5.0045528000e-01 672 4 72
6.9183097092e-02 0.009752% 2.2079370086e+00 4.4163046845e+00 4.3066739780e-04 4.7069600445e-01 0.001439% 1.2643781056e+01 2.5287925941e+01 3.6382942034e-04 1.5716301607e+00 -0.313679% 2.0441717103e+01 4.0755592665e+01 -1.2784154146e-01 8.3764000204e-01 7.7365226115e-01 7.7375790167e-01 6.6481944471e-01 6.6482611148e-01 6.6484788685e-01 5.0379078471e-01 5.0345544413e-01 5.0244084042e-01 5.0072056915e-01 582 4 64
7.5857757503e-02 0.010179% 2.4144245005e+00 4.8293405838e+00 4.9158268585e-04 5.1727159181e-01 -0.000080% 1.3574625366e+01 2.7149229104e+01 -2.1627711446e-05 1.7182013506e+00 -0.329928% 2.1263485246e+01 4.2387123635e+01 -1.3984685708e-01 8.3746149959e-01 7.7352196916e-01 7.7362952063e-01 6.6453080919e-01 6.6453316552e-01 6.6454181589e-01 5.0409832632e-01 5.0375944543e-01 5.0273411865e-01 5.0099563176e-01 672 4 72
8.3176377110e-02 0.010625% 2.6393956017e+00 5.2793521419e+00 5.6093843231e-04 5.6846797494e-01 -0.001864% 1.4546060415e+01 2.9091578440e+01 -5.4239071492e-04 1.8782805281e+00 -0.346055% 2.2047860506e+01 4.3943651715e+01 -1.5206929812e-01 8.3727845781e-01 7.7338749319e-01 7.7349680824e-01 6.6423620735e-01 6.6423396284e-01 6.6422859206e-01 5.0441094775e-01 5.0406903172e-01 5.0303453011e-01 5.0128052198e-01 553 4 64
9.1201083936e-02 0.011090% 2.8843347751e+00 5.7693093753e+00 6.3982508340e-04 6.2474193292e-01 -0.003947% 1.5554822602e+01 3.1108417310e+01 -1.2278947052e-03 2.0530984690e+00 -0.361829% 2.2788235902e+01 4.5412157407e+01 -1.6431439718e-01 8.3709097004e-01 7.7324881142e-01 7.7335972229e-01 6.6393589131e-01 6.6392876228e-01 6.6390849493e-01 5.0472830522e-01 5.0438389688e-01 5.0334188419e-01 5.0157525043e-01 673 4 72
1.0000000000e-01 0.011574% 3.1508109632e+00 6.3023513684e+00 7.2944207326e-04 6.8659467379e-01 -0.006361% 1.6596626583e+01 3.3191142029e+01 -2.1111378933e-03 2.2439976772e+00 -0.376991% 2.3479001868e+01 4.6781641354e+01 -1.7636238207e-01 8.3689915235e-01 7.7310591452e-01 7.7321823209e-01 6.6363015039e-01 6.6361786328e-01 6.6358185532e-01 5.0505002007e-01 5.0470369881e-01 5.0365595070e-01 5.0187978113e-01 673 4 72
1.0964781961e-01 0.012077% 3.4404748705e+00 6.8817808374e+00 8.3109645972e-04 7.5457594925e-01 -0.009138% 1.7666094658e+01 3.5328961041e+01 -3.2282742779e-03 2.4524428111e+00 -0.391260% 2.4115831419e+01 4.8043687028e+01 -1.8797581111e-01 8.3670314716e-01 7.7295880758e-01 7.7307232056e-01 6.6331931766e-01 6.6330161254e-01 6.6324906231e-01 5.0537567343e-01 5.0502805392e-01 5.0397645374e-01 5.0219402402e-01 672 4 72
1.2022644346e-01 0.012597% 3.7550542925e+00 7.5110547815e+00 9.4619637634e-04 8.2928857689e-01 -0.012311% 1.8756713487e+01 3.7508809162e+01 -4.6178128851e-03 2.6800320621e+00 -0.404347% 2.4695919076e+01 4.9192928021e+01 -1.9891012978e-01 8.3650312370e-01 7.7280751130e-01 7.7292198553e-01 6.6300376969e-01 6.6298040402e-01 6.6291056417e-01 5.0570480804e-01 5.0535653829e-01 5.0430307092e-01 5.0251783072e-01 524 4 56
1.3182567386e-01 0.013135% 4.0963488804e+00 8.1937739921e+00 1.0762312259e-03 9.1139432821e-01 -0.015911% 1.9860827009e+01 3.9715334999e+01 -6.3190185214e-03 2.9285086879e+00 -0.415964% 2.5218166829e+01 5.0227405488e+01 -2.0892816987e-01 8.3629924756e-01 7.7265206152e-01 7.7276723869e-01 6.6268385624e-01 6.6265461069e-01 6.6256680612e-01 5.0603699210e-01 5.0568874875e-01 5.0463548568e-01 5.0285103136e-01 713 5 80
1.4454397707e-01 0.013687% 4.4662127111e+00 8.9336481914e+00 1.2227692368e-03 1.0016155117e+00 -0.019965% 2.0969682545e+01 4.1930993633e+01 -8.3714569025e-03 3.1997786699e+00 -0.425832% 2.5683164744e+01 5.1148522582e+01 -2.1780690475e-01 8.3609180568e-01 7.7249251857e-01 7.7260811790e-01 6.6236018070e-01 6.6232485805e-01 6.6221848301e-01 5.0637157119e-01 5.0602406321e-01 5.0497317354e-01 5.0319326621e-01 649 5 75
1.5848931925e-01 0.014252% 4.8665508978e+00 9.7344891861e+00 1.3873904760e-03 1.1007459760e+00 -0.024494% 2.2073527318e+01 4.4136243842e+01 -1.0810794754e-02 3.4959205736e+00 -0.433711% 2.6093262603e+01 5.1961163901e+01 -2.2536130447e-01 8.3588102891e-01 7.7232895731e-01 7.7244467348e-01 6.6203319878e-01 6.6199163308e-01 6.6186617942e-01 5.0670802775e-01 5.0636198642e-01 5.0531570577e-01 5.0354421546e-01 562 5 70
1.7378008287e-01 0.014827% 5.2992953488e+00 1.0600162349e+01 1.5716518289e-03 1.2096540468e+00 -0.029512% 2.3161779956e+01 4.6309892830e+01 -1.3667082035e-02 3.8192057886e+00 -0.439407% 2.6452321537e+01 5.2673193372e+01 -2.3144970260e-01 8.3566720782e-01 7.7216147608e-01 7.7227697998e-01 6.6170347845e-01 6.6165553763e-01 6.6151060300e-01 5.0704575080e-01 5.0670192763e-01 5.0566255136e-01 5.0390344384e-01 561 5 70
1.9054607180e-01 0.015406% 5.7663837937e+00 1.1534544595e+01 1.7770077793e-03 1.3292900785e+00 -0.035022% 2.4223273622e+01 4.8429586150e+01 -1.6961094555e-02 4.1721163213e+00 -0.442789% 2.6765448190e+01 5.3294912518e+01 -2.3598386155e-01 8.3545066555e-01 7.7199019631e-01 7.7210513546e-01 6.6137163767e-01 6.6131722768e-01 6.6115252846e-01 5.0738409366e-01 5.0704325559e-01 5.0601312363e-01 5.0427043259e-01 563 5 70
2.0892961309e-01 0.015985% 6.2697318481e+00 1.2541468406e+01 2.0047095931e-03 1.4606937834e+00 -0.041014% 2.5246576312e+01 5.0472451962e+01 -2.0700662323e-02 4.5573653732e+00 -0.443797% 2.7038619311e+01 5.3838305968e+01 -2.3893265414e-01 8.3523175827e-01 7.7181526398e-01 7.7192926325e-01 6.6103834457e-01 6.6097741340e-01 6.6079279709e-01 5.0772237565e-01 5.0738529963e-01 5.0636677955e-01 5.0464457583e-01 525 5 60
2.2908676528e-01 0.016556% 6.8111989867e+00 1.3624653647e+01 2.2556733214e-03 1.6050021805e+00 -0.047461% 2.6220383568e+01 5.2415890165e+01 -2.4876972187e-02 4.9779201041e+00 -0.442447% 2.7278251860e+01 5.4316183432e+01 -2.4032028759e-01 8.3501087515e-01 7.7163685091e-01 7.7174951363e-01 6.6070431681e-01 6.6063685825e-01 6.6043231503e-01 5.0805988462e-01 5.0772735166e-01 5.0672281996e-01 5.0502517774e-01 494 5 60
2.5118864315e-01 0.017111% 7.3925477684e+00 1.4787625848e+01 2.5303109904e-03 1.7634582172e+00 -0.054318% 2.7133971365e+01 5.4238481488e+01 -2.9461241057e-02 5.4370268344e+00 -0.438826% 2.7490764154e+01 5.4741309132e+01 -2.4021917464e-01 8.3478843791e-01 7.7145515591e-01 7.7156606532e-01 6.6037032016e-01 6.6029637725e-01 6.6007205045e-01 5.0839588013e-01 5.0806866870e-01 5.0708049040e-01 5.0541145082e-01 544 5 60
2.7542287033e-01 0.017640% 8.0153956986e+00 1.6033619717e+01 2.8283201164e-03 1.9374201231e+00 -0.061519% 2.7977687589e+01 5.5920972929e+01 -3.4402248111e-02 5.9382389477e+00 -0.433081% 2.7682176254e+01 5.5125613979e+01 -2.3873852929e-01 8.3456489979e-01 7.7127040571e-01 7.7137912689e-01 6.6003716643e-01 6.5995683442e-01 6.5971302946e-01 5.0872959731e-01 5.0840847624e-01 5.0743898298e-01 5.0580251539e-01 379 5 50
3.0199517204e-01 0.018130% 8.6811593673e+00 1.7365467160e+01 3.1484251602e-03 2.1283716202e+00 -0.068977% 2.8743450695e+01 5.7447276174e+01 -3.9625216943e-02 6.4854478455e+00 -0.425401% 2.7857792299e+01 5.5479574034e+01 -2.3601056306e-01 8.3434074402e-01 7.7108285631e-01 7.7118893843e-01 6.5970570959e-01 6.5961913845e-01 6.5935633027e-01 5.0906025138e-01 5.0874597238e-01 5.0779743921e-01 5.0619740061e-01 489 5 60
3.3113112148e-01 0.018568% 9.3909902204e+00 1.8785468514e+01 3.4880735677e-03 2.3379329273e+00 -0.076579% 2.9425216012e+01 5.8805399361e+01 -4.5032663496e-02 7.0829171159e+00 -0.415999% 2.8021993643e+01 5.5811810732e+01 -2.3217655489e-01 8.3411648160e-01 7.7089279236e-01 7.7099577152e-01 6.5937684258e-01 6.5928423870e-01 6.5900307657e-01 5.0938704294e-01 5.0908033262e-01 5.0815495384e-01 5.0659504700e-01 530 5 60
3.6307805477e-01 0.018936% 1.0145702293e+01 2.0295247698e+01 3.8431113725e-03 2.5678728520e+00 -0.084196% 3.0019362957e+01 5.9988218516e+01 -5.0507398395e-02 7.7353203787e+00 -0.405094% 2.8178153945e+01 5.6128932854e+01 -2.2737503595e-01 8.3389264903e-01 7.7070052781e-01 7.7079993111e-01 6.5905149070e-01 6.5895311801e-01 6.5865442842e-01 5.0970916390e-01 5.0941071567e-01 5.0851057998e-01 5.0699431111e-01 427 5 50
3.9810717055e-01 0.019215% 1.0945693306e+01 2.1895593823e+01 4.2072111181e-03 2.8201222814e+00 -0.091678% 3.0524957333e+01 6.0993996764e+01 -5.5917901723e-02 8.4477840192e+00 -0.392897% 2.8328666605e+01 5.6435599567e+01 -2.2173364241e-01 8.3366980109e-01 7.7050640894e-01 7.7060175458e-01 6.5873060483e-01 6.5862678490e-01 6.5831157141e-01 5.1002580480e-01 5.0973627056e-01 5.0886333610e-01 5.0739397262e-01 493 5 60
4.3651583224e-01 0.019383% 1.1790855445e+01 2.3586282668e+01 4.5717769254e-03 3.0967880500e+00 -0.098867% 3.0943844948e+01 6.1826563880e+01 -6.1126015959e-02 9.2259320550e+00 -0.379600% 2.8475058255e+01 5.6734751180e+01 -2.1536532965e-01 8.3344851337e-01 7.7031080642e-01 7.7040161318e-01 6.5841515377e-01 6.5830626513e-01 6.5797570549e-01 5.1033616143e-01 5.1005614338e-01 5.0921221296e-01 5.0779274238e-01 493 5 60
4.7863009232e-01 0.019416% 1.2680485337e+01 2.5365895819e+01 4.9251440425e-03 3.4001695048e+00 -0.105602% 3.1280550325e+01 6.2495104770e+01 -6.5995880461e-02 1.0075939041e+01 -0.365380% 2.8618154609e+01 5.7027940703e+01 -2.0836851581e-01 8.3322936972e-01 7.7011412181e-01 7.7019991002e-01 6.5810611356e-01 6.5799258986e-01 6.5764802973e-01 5.1063944417e-01 5.1036948676e-01 5.0955618407e-01 5.0818927493e-01 316 5 40
5.2480746025e-01 0.019288% 1.3613187375e+01 2.7231627052e+01 5.2523014322e-03 3.7327757927e+00 -0.111728% 3.1541969241e+01 6.3013534927e+01 -7.0403555746e-02 1.1004585939e+01 -0.350393% 2.8758261438e+01 5.7315692828e+01 -2.0083004833e-01 8.3301295963e-01 7.6991678243e-01 7.6999707976e-01 6.5780445627e-01 6.5768678352e-01 6.5732972712e-01 5.1093488653e-01 5.1067546894e-01 5.0989421613e-01 5.0858218209e-01 479 5 50
5.7543993734e-01 0.018967% 1.4586778468e+01 2.9179091385e+01 5.5344501583e-03 4.0973454056e+00 -0.117108% 3.1736873781e+01 6.3399501769e+01 -7.4245792268e-02 1.2019322751e+01 -0.334786% 2.8895332732e+01 5.7597836004e+01 -1.9282946045e-01 8.3279987022e-01 7.6971923995e-01 7.6979358669e-01 6.5751113713e-01 6.5738984972e-01 6.5702194702e-01 5.1122175495e-01 5.1097328415e-01 5.1022528166e-01 5.0897004964e-01 436 5 50
6.3095734448e-01 0.018424% 1.5598196814e+01 3.1202142322e+01 5.7486947873e-03 4.4968678433e+00 -0.121632% 3.1875273446e+01 6.3673100192e+01 -7.7446699557e-02 1.3128337266e+01 -0.318699% 2.9029108364e+01 5.7873773576e+01 -1.8444315170e-01 8.3259067847e-01 7.6952196785e-01 7.6958992242e-01 6.5722708002e-01 6.5710275572e-01 6.5672578633e-01 5.1149935886e-01 5.1126216363e-01 5.1054837281e-01 5.0935145649e-01 380 5 50
6.9183097092e-01 0.017625% 1.6643420418e+01 3.3292708724e+01 5.8678875329e-03 4.9346077840e+00 -0.125222% 3.1967700413e+01 6.3855439566e+01 -7.9961258967e-02 1.4340630658e+01 -0.302269% 2.9159215553e+01 5.8142683557e+01 -1.7574754872e-01 8.3238594252e-01 7.6932545835e-01 7.6938660305e-01 6.5695316178e-01 6.5682641569e-01 6.5644226953e-01 5.1176706117e-01 5.1154138720e-01 5.1086251650e-01 5.0972499612e-01 380 5 50
7.5857757503e-01 0.016537% 1.7717401872e+01 3.5440664447e+01 5.8607039770e-03 5.4141321136e+00 -0.127839% 3.2024501124e+01 6.3967227093e+01 -8.1775155298e-02 1.5666100429e+01 -0.285634% 2.9285237341e+01 5.8403653834e+01 -1.6682084691e-01 8.3218619259e-01 7.6913021870e-01 7.6918416555e-01 6.5669019565e-01 6.5656167308e-01 6.5617232810e-01 5.1202428863e-01 5.1181029507e-01 5.1116679045e-01 5.1008929996e-01 381 5 50
8.3176377110e-01 0.015125% 1.8814027139e+01 3.7633746308e+01 5.6920296986e-03 5.9393402308e+00 -0.129477% 3.2055216977e+01 6.4027532835e+01 -8.2901118179e-02 1.7115631265e+01 -0.268931% 2.9406755942e+01 5.8655768511e+01 -1.5774337304e-01 8.3199192152e-01 7.6893676695e-01 7.6898316360e-01 6.5643891416e-01 6.5630928263e-01 6.5591677978e-01 5.1227054212e-01 5.1206829962e-01 5.1146033978e-01 5.1044306221e-01 296 5 40
9.1201083936e-01 0.013357% 1.9926106982e+01 3.9857537705e+01 5.3237415206e-03 6.5144980728e+00 -0.130162% 3.2068121923e+01 6.4052871170e+01 -8.3372676433e-02 1.8701194444e+01 -0.252295% 2.9523379545e+01 5.8898162232e+01 -1.4859685696e-01 8.3180357539e-01 7.6874562729e-01 7.6878416278e-01 6.5619995213e-01 6.5606989254e-01 6.5567630846e-01 5.1250540610e-01 5.1231489671e-01 5.1174239367e-01 5.1078506539e-01 344 5 40
1.0000000000e+00 0.011203% 2.1045410198e+01 4.2095536353e+01 4.7159563605e-03 7.1442763470e+00 -0.129942% 3.2069956650e+01 6.4056676571e+01 -8.3236729407e-02 2.0435956429e+01 -0.235858% 2.9634759444e+01 5.9130055920e+01 -1.3946296835e-01 8.3162154446e-01 7.6855732493e-01 7.6858773531e-01 6.5597383037e-01 6.5584402753e-01 6.5545144545e-01 5.1272855721e-01 5.1254967613e-01 5.1201228142e-01 5.1111420567e-01 299 5 40
1.0964781961e+00 0.008637% 2.2162747759e+01 4.4329324320e+01 3.8288027881e-03 7.8337934589e+00 -0.128880% 3.2065863724e+01 6.4049180979e+01 -8.2546469430e-02 2.2334397402e+01 -0.219747% 2.9740601887e+01 5.9350782339e+01 -1.3042143564e-01 8.3144615485e-01 7.6837238072e-01 7.6839445431e-01 6.5576094106e-01 6.5563207380e-01 6.5524255312e-01 5.1293977124e-01 5.1277233052e-01 5.1226944723e-01 5.1142951708e-01 319 5 40
1.2022644346e+00 0.005640% 2.3268116004e+01 4.6538856737e+01 2.6247300525e-03 8.5886636352e+00 -0.127044% 3.2059494292e+01 6.4037632680e+01 -8.1355904006e-02 2.4412440557e+01 -0.204077% 2.9840676819e+01 5.9559805645e+01 -1.2154799443e-01 8.3127766158e-01 7.6819130552e-01 7.6820488773e-01 6.5556153562e-01 6.5543426653e-01 6.5504981197e-01 5.1313892816e-01 5.1298266237e-01 5.1251346282e-01 5.1173019314e-01 308 5 40
1.3182567386e+00 0.002200% 2.4350905025e+01 4.8702881365e+01 1.0713145852e-03 9.4150507207e+00 -0.124505% 3.2053232842e+01 6.4026749052e+01 -7.9716631757e-02 2.6687593095e+01 -0.188953% 2.9934824294e+01 5.9756736234e+01 -1.1291235492e-01 8.3111624323e-01 7.6801459445e-01 7.6801959212e-01 6.5537571594e-01 6.5525068124e-01 6.5487321204e-01 5.1332601477e-01 5.1318058844e-01 5.1274403715e-01 5.1201560482e-01 344 5 40
1.4454397707e+00 -0.001684% 2.5400174955e+01 5.0799494361e+01 -8.5554976124e-04 1.0319728085e+01 -0.121334% 3.2048477500e+01 6.4019278163e+01 -7.7676836936e-02 2.9179100035e+01 -0.174464% 3.0022958569e+01 5.9941340795e+01 -1.0457634376e-01 8.3096199875e-01 7.6784272124e-01 7.6783910616e-01 6.5520343011e-01 6.5508122968e-01 6.5471254981e-01 5.1350112451e-01 5.1336614112e-01 5.1296102232e-01 5.1228531360e-01 334 5 40
1.5848931925e+00 -0.006000% 2.6404998021e+01 5.2806827764e+01 -3.1682787717e-03 1.1310145013e+01 -0.117598% 3.2045919600e+01 6.4016557280e+01 -7.5281919481e-02 3.1908112097e+01 -0.160683% 3.0105069650e+01 6.0113546945e+01 -9.6592354170e-02 8.3081494692e-01 7.6767613258e-01 7.6766394438e-01 6.5504447308e-01 6.5492566105e-01 6.5456743122e-01 5.1366445420e-01 5.1353946648e-01 5.1316441517e-01 5.1253907831e-01 341 5 40
1.7378008287e+00 -0.010720% 2.7354857872e+01 5.4703851408e+01 -5.8643355047e-03 1.2394499883e+01 -0.113366% 3.2045783493e+01 6.4018991061e+01 -7.2575925572e-02 3.4897869098e+01 -0.147664% 3.0181222047e+01 6.0273441876e+01 -8.9002218129e-02 8.3067502843e-01 7.6751524277e-01 7.6749459079e-01 6.5489849294e-01 6.5478356913e-01 6.5443728149e-01 5.1381629764e-01 5.1370081862e-01 5.1335435397e-01 5.1277685512e-01 355 5 40
1.9054607180e+00 -0.015802% 2.8240090152e+01 5.6471256846e+01 -8.9234580117e-03 1.3581820363e+01 -0.108710% 3.2048008632e+01 6.4026414261e+01 -6.9603003347e-02 3.8173900537e+01 -0.135443% 3.0251550674e+01 6.0421264763e+01 -8.1836585763e-02 8.3054211089e-01 7.6736042857e-01 7.6733149283e-01 6.5476500290e-01 6.5465440531e-01 6.5432136161e-01 5.1395703615e-01 5.1385055059e-01 5.1353111015e-01 5.1299879026e-01 232 5 30
2.0892961309e+00 -0.021183% 2.9052339915e+01 5.8092374043e+01 -1.2305785904e-02 1.4882050700e+01 -0.103701% 3.2052374013e+01 6.4038339651e+01 -6.6408375571e-02 4.1764244992e+01 -0.124039% 3.0316253986e+01 6.0557393112e+01 -7.5114858543e-02 8.3041599672e-01 7.6721202428e-01 7.6717505543e-01 6.5464339854e-01 6.5453749733e-01 6.5421879147e-01 5.1408712633e-01 5.1398910199e-01 5.1369507530e-01 5.1320520554e-01 306 5 40
2.2908676528e+00 -0.026785% 2.9785004098e+01 5.9554056809e+01 -1.5951387499e-02 1.6306146446e+01 -0.098415% 3.2058576068e+01 6.4054113507e+01 -6.3038628570e-02 4.5699690821e+01 -0.113453% 3.0375584733e+01 6.0682323793e+01 -6.8845673474e-02 8.3029643280e-01 7.6707031740e-01 7.6702563545e-01 6.5453297966e-01 6.5443207271e-01 6.5412857830e-01 5.1420708584e-01 5.1411698404e-01 5.1384674414e-01 5.1339657751e-01 324 5 40
2.5118864315e+00 -0.032510% 3.0433619823e+01 6.0847458202e+01 -1.9781443539e-02 1.7866176374e+01 -0.092927% 3.2066274804e+01 6.4073008237e+01 -5.9541372241e-02 5.0014039354e+01 -0.103670% 3.0429838882e+01 6.0796649877e+01 -6.3027887119e-02 8.3018312259e-01 7.6693554431e-01 7.6688353629e-01 6.5443297545e-01 6.5433728577e-01 6.5404964931e-01 5.1431747764e-01 5.1423476277e-01 5.1398669436e-01 5.1357351151e-01 345 5 40
2.7542287033e+00 -0.038247% 3.0996157465e+01 6.1968613519e+01 -2.3701411839e-02 1.9575432154e+01 -0.087316% 3.2075121029e+01 6.4094277627e+01 -5.5964430105e-02 5.4744393628e+01 -0.094665% 3.0479343448e+01 6.0901034939e+01 -5.7651957173e-02 8.3007573869e-01 7.6680788658e-01 7.6674900298e-01 6.5434257128e-01 6.5425224646e-01 6.5398088655e-01 5.1441889392e-01 5.1434304147e-01 5.1411556475e-01 5.1373671256e-01 299 5 40
3.0199517204e+00 -0.043876% 3.1473177972e+01 6.2918749864e+01 -2.7606080031e-02 2.1448545906e+01 -0.081655% 3.2084773587e+01 6.4117192419e+01 -5.2354755714e-02 5.9931474373e+01 -0.086401% 3.0524444077e+01 6.0996186568e+01 -5.2701586405e-02 8.2997393575e-01 7.6668746769e-01 7.6662221772e-01 6.5426093546e-01 6.5417604913e-01 6.5392116178e-01 5.1451194043e-01 5.1444244347e-01 5.1423403312e-01 5.1388695511e-01 359 5 40
3.3113112148e+00 -0.049269% 3.1867822141e+01 6.3704258081e+01 -3.1386200788e-02 2.3501616271e+01 -0.076016% 3.2094911503e+01 6.4141065769e+01 -4.8757237641e-02 6.5619965755e+01 -0.078836% 3.0565493196e+01 6.1082830918e+01 -4.8155474470e-02 8.2987736257e-01 7.6657435040e-01 7.6650329612e-01 6.5418724414e-01 6.5410779946e-01 6.5386936937e-01 5.1459722225e-01 5.1453359619e-01 5.1434279534e-01 5.1402505383e-01 257 5 30
3.6307805477e+00 -0.054302% 3.2185613878e+01 6.4336291700e+01 -3.4936056149e-02 2.5752343809e+01 -0.070464% 3.2105243116e+01 6.4165272712e+01 -4.5213520711e-02 7.1858893293e+01 -0.071923% 3.0602839467e+01 6.1161689907e+01 -4.3989026893e-02 8.2978567296e-01 7.6646853503e-01 7.6639228435e-01 6.5412070283e-01 6.5404663783e-01 6.5382445520e-01 5.1467533157e-01 5.1461711734e-01 5.1444254681e-01 5.1415183727e-01 213 5 30
3.9810717055e+00 -0.058863% 3.2434080018e+01 6.4829998984e+01 -3.8161052200e-02 2.8220176914e+01 -0.065059% 3.2115512846e+01 6.4189264751e+01 -4.1760941124e-02 7.8702036782e+01 -0.065611% 3.0636819071e+01 6.1233462247e+01 -4.0175893942e-02 8.2969853447e-01 7.6636995889e-01 7.6628915762e-01 6.5406056341e-01 6.5399175796e-01 6.5378544003e-01 5.1474683801e-01 5.1469360382e-01 5.1453396726e-01 5.1426812592e-01 212 5 30
4.3651583224e+00 -0.062856% 3.2622213417e+01 6.5203442538e+01 -4.0984296491e-02 3.0926469679e+01 -0.059851% 3.2125505644e+01 6.4212579635e+01 -3.8431653870e-02 8.6208381198e+01 -0.059853% 3.0667749145e+01 6.1298809039e+01 -3.6689251016e-02 8.2961563517e-01 7.6627849715e-01 7.6619382021e-01 6.5400613611e-01 6.5394242021e-01 6.5375143652e-01 5.1481228156e-01 5.1476362365e-01 5.1461770922e-01 5.1437471519e-01 226 5 30
4.7863009232e+00 -0.066209% 3.2759830279e+01 6.5476309361e+01 -4.3351196188e-02 3.3894653543e+01 -0.054880% 3.2135049110e+01 6.4234846208e+01 -3.5252012007e-02 9.4442609238e+01 -0.054602% 3.0695923411e+01 6.1358344045e+01 -3.3502777446e-02 8.2953668808e-01 7.6619396548e-01 7.6610610748e-01 6.5395679651e-01 6.5389795939e-01 6.5372165946e-01 5.1487216821e-01 5.1482771056e-01 5.1469439024e-01 5.1447236373e-01 222 5 30
5.2480746025e+00 -0.068878% 3.2856891589e+01 6.5668551774e+01 -4.5231403142e-02 3.7150424819e+01 -0.050178% 3.2144013356e+01 6.4255784473e+01 -3.2242237708e-02 1.0347563970e+02 -0.049813% 3.0721609848e+01 6.1412628362e+01 -3.0591333907e-02 8.2946143382e-01 7.6611612452e-01 7.6602578999e-01 6.5391198784e-01 6.5385778750e-01 6.5369542964e-01 5.1492696768e-01 5.1488636132e-01 5.1476458845e-01 5.1456178618e-01 224 5 30
5.7543993734e+00 -0.070849% 3.2922867331e+01 6.5799116754e+01 -4.6617908408e-02 4.0721950428e+01 -0.045766% 3.2152308876e+01 6.4275201350e+01 -2.9416401148e-02 1.1338521661e+02 -0.045445% 3.0745050095e+01 6.1462168819e+01 -2.7931372057e-02 8.2938964151e-01 7.6604468630e-01 7.6595257977e-01 6.5387121962e-01 6.5382139230e-01 6.5367217203e-01 5.1497711306e-01 5.1494003493e-01 5.1482884082e-01 5.1464364992e-01 214 5 30
6.3095734448e+00 -0.072131% 3.2966217095e+01 6.5884910546e+01 -4.7523643106e-02 4.4640094396e+01 -0.041657% 3.2159882791e+01 6.4292982885e+01 -2.6782696937e-02 1.2425655456e+02 -0.041460% 3.0766460197e+01 6.1507419264e+01 -2.5501129636e-02 8.2932110851e-01 7.6597932240e-01 7.6588613866e-01 6.5383406349e-01 6.5378833263e-01 6.5365140945e-01 5.1502300172e-01 5.1498915341e-01 5.1488764332e-01 5.1471857448e-01 212 5 30
6.9183097092e+00 -0.072758% 3.2994041336e+01 6.5940106247e+01 -4.7976425613e-02 4.8938667756e+01 -0.037855% 3.2166713930e+01 6.4309083878e+01 -2.4343981553e-02 1.3618304659e+02 -0.037825% 3.0786032267e+01 6.1548783865e+01 -2.3280670073e-02 8.2925565934e-01 7.6591967335e-01 7.6582608816e-01 6.5380014729e-01 6.5375823157e-01 6.5363275298e-01 5.1506499715e-01 5.1503410347e-01 5.1494145247e-01 5.1478713279e-01 230 5 30
7.5857757503e+00 -0.072774% 3.3011927182e+01 6.5975841001e+01 -4.8013362978e-02 5.3654704596e+01 -0.034355% 3.2172807230e+01 6.4323515948e+01 -2.2098512476e-02 1.4926704109e+02 -0.034507% 3.0803936723e+01 6.1586621624e+01 -2.1251820928e-02 8.2919314392e-01 7.6586535890e-01 7.6577202027e-01 6.5376914821e-01 6.5373076843e-01 6.5361589032e-01 5.1510343118e-01 5.1507523884e-01 5.1499068759e-01 5.1484985345e-01 228 5 30
8.3176377110e+00 -0.072235% 3.3023922140e+01 6.6000169162e+01 -4.7675116863e-02 5.8828561866e+01 -0.031151% 3.2178256436e+01 6.4336471466e+01 -2.0041407040e-02 1.6362079200e+02 -0.031479% 3.0820248134e+01 6.1621098537e+01 -1.9397731479e-02 8.2913351342e-01 7.6581596204e-01 7.6572348345e-01 6.5374096750e-01 6.5370585134e-01 6.5360075191e-01 5.1513847706e-01 5.1511275341e-01 5.1503560450e-01 5.1490709537e-01 183 4 24
9.1201083936e+00 -0.071199% 3.3032934699e+01 6.6018864522e+01 -4.7004877175e-02 6.4505069813e+01 -0.028226% 3.2182960467e+01 6.4347757838e+01 -1.8163095226e-02 1.7936700921e+02 -0.028716% 3.0835259066e+01 6.1652814062e+01 -1.7704070414e-02 8.2907650165e-01 7.6577114478e-01 7.6568009516e-01 6.5371498553e-01 6.5368287402e-01 6.5358677308e-01 5.1517067843e-01 5.1514720961e-01 5.1507682196e-01 5.1495957097e-01 181 4 24
1.0000000000e+01 -0.069723% 3.3040647080e+01 6.6035252184e+01 -4.6041976611e-02 7.0732693761e+01 -0.025567% 3.2187041382e+01 6.4357628742e+01 -1.6454021320e-02 1.9664046656e+02 -0.026194% 3.0849008318e+01 6.1681859852e+01 -1.6156783223e-02 8.2902210426e-01 7.6573049648e-01 7.6564139762e-01 6.5369118010e-01 6.5366182786e-01 6.5357398718e-01 5.1520014957e-01 5.1517873971e-01 5.1511452618e-01 5.1500755625e-01 177 4 24
1.0964781961e+01 -0.067863% 3.3048030609e+01 6.6051237184e+01 -4.4824033836e-02 7.7564737935e+01 -0.023153% 3.2190554914e+01 6.4366207042e+01 -1.4902786532e-02 2.1558874811e+02 -0.023892% 3.0861603037e+01 6.1708462675e+01 -1.4743400039e-02 8.2897025095e-01 7.6569364814e-01 7.6560696871e-01 6.5366936238e-01 6.5364254004e-01 6.5356227043e-01 5.1522711955e-01 5.1520758933e-01 5.1514901230e-01 5.1505142869e-01 177 4 24
1.2022644346e+01 -0.065670% 3.3055545871e+01 6.6067705287e+01 -4.3386455972e-02 8.5059600324e+01 -0.020967% 3.2193558367e+01 6.4373619257e+01 -1.3497475991e-02 2.3637358257e+02 -0.021792% 3.0873140407e+01 6.1732828281e+01 -1.3452532845e-02 8.2892088416e-01 7.6566025098e-01 7.6557640279e-01 6.5364936268e-01 6.5362485748e-01 6.5355152039e-01 5.1525179857e-01 5.1523398392e-01 5.1518055156e-01 5.1509153566e-01 176 4 24
1.3182567386e+01 -0.063196% 3.3063347217e+01 6.6084931354e+01 -4.1763078726e-02 9.3281263271e+01 -0.018991% 3.2196108635e+01 6.4379991111e+01 -1.2226158856e-02 2.5917220477e+02 -0.019875% 3.0883708520e+01 6.1755143279e+01 -1.2273761266e-02 8.2887395681e-01 7.6562997970e-01 7.6554931497e-01 6.5363102847e-01 6.5360864415e-01 6.5354165103e-01 5.1527437881e-01 5.1525812976e-01 5.1520939242e-01 5.1512819577e-01 178 4 24
1.4454397707e+01 -0.060492% 3.3071426239e+01 6.6102865695e+01 -3.9986783556e-02 1.0229983329e+02 -0.017205% 3.2198260479e+01 6.4385443722e+01 -1.1077235424e-02 2.8417884880e+02 -0.018126% 3.0893387565e+01 6.1775577592e+01 -1.1197537076e-02 8.2882942947e-01 7.6560253424e-01 7.6552534388e-01 6.5361422185e-01 6.5359377797e-01 6.5353258825e-01 5.1529503608e-01 5.1528021559e-01 5.1523576241e-01 5.1516170109e-01 177 4 24
1.5848931925e+01 -0.057606% 3.3079700841e+01 6.6121311842e+01 -3.8089839802e-02 1.1219213308e+02 -0.015592% 3.2200065421e+01 6.4390091186e+01 -1.0039656889e-02 3.1160638656e+02 -0.016531% 3.0902250769e+01 6.1794286434e+01 -1.0215103265e-02 8.2878726744e-01 7.6557764025e-01 7.6550415325e-01 6.5359881745e-01 6.5358014852e-01 6.5352426667e-01 5.1531393132e-01 5.1530041422e-01 5.1525986992e-01 5.1519231919e-01 177 4 24
1.7378008287e+01 -0.054587% 3.3088064254e+01 6.6140024597e+01 -3.6103911717e-02 1.2304235098e+02 -0.014136% 3.2201571122e+01 6.4394039197e+01 -9.1030470047e-03 3.4168812630e+02 -0.015076% 3.0910365165e+01 6.1811411905e+01 -9.3184250720e-03 8.2874743796e-01 7.6555504864e-01 7.6548543249e-01 6.5358470097e-01 6.5356765532e-01 6.5351662761e-01 5.1533121190e-01 5.1531888389e-01 5.1528190580e-01 5.1522029515e-01 176 4 24
1.9054607180e+01 -0.051482% 3.3096408928e+01 6.6158758068e+01 -3.4059787884e-02 1.3494275372e+02 -0.012823% 3.2202821068e+01 6.4397384381e+01 -8.2577558403e-03 3.7467978729e+02 -0.013748% 3.0917792215e+01 6.1827084300e+01 -8.5001303347e-03 8.2870990754e-01 7.6553453434e-01 7.6546889663e-01 6.5357176786e-01 6.5355620659e-01 6.5350961767e-01 5.1534701283e-01 5.1533576959e-01 5.1530204485e-01 5.1524585339e-01 177 4 24
2.0892961309e+01 -0.048335% 3.3104636769e+01 6.6177286604e+01 -3.1986933518e-02 1.4799446890e+02 -0.011638% 3.2203854479e+01 6.4400214087e+01 -7.4948714210e-03 4.1086166815e+02 -0.012538% 3.0924588338e+01 6.1841423219e+01 -7.7534568265e-03 8.2867463945e-01 7.6551589484e-01 7.6545428590e-01 6.5355992232e-01 6.5354571823e-01 6.5350318787e-01 5.1536145788e-01 5.1535120416e-01 5.1532044719e-01 5.1526919941e-01 178 4 24
2.2908676528e+01 -0.045189% 3.3112662949e+01 6.6195412936e+01 -2.9912961875e-02 1.6230834439e+02 -0.010568% 3.2204706329e+01 6.4402606451e+01 -6.8062081248e-03 4.5054102812e+02 -0.011434% 3.0930805366e+01 6.1854538527e+01 -7.0722048261e-03 8.2864159162e-01 7.6549894836e-01 7.6544136511e-01 6.5354907641e-01 6.5353611301e-01 6.5349729307e-01 5.1537466051e-01 5.1536530939e-01 5.1533725954e-01 5.1529052143e-01 176 4 24
2.5118864315e+01 -0.042081% 3.3120417012e+01 6.6212970923e+01 -2.7863100096e-02 1.7800589219e+02 -0.009602% 3.2205407452e+01 6.4404630621e+01 -6.1842836539e-03 4.9405470199e+02 -0.010427% 3.0936490955e+01 6.1866531217e+01 -6.4506937136e-03 8.2861071492e-01 7.6548353207e-01 7.6542992280e-01 6.5353914932e-01 6.5352731988e-01 6.5349189154e-01 5.1538672485e-01 5.1537819700e-01 5.1535261639e-01 5.1530999181e-01 176 4 24
2.7542287033e+01 -0.039045% 3.3127842881e+01 6.6229826056e+01 -2.5859705552e-02 1.9522032486e+02 -0.008729% 3.2205984695e+01 6.4406347099e+01 -5.6222907390e-03 5.4177197082e+02 -0.009509% 3.0941688948e+01 6.1877494174e+01 -5.8837218345e-03 8.2858195187e-01 7.6546950025e-01 7.6541977039e-01 6.5353006665e-01 6.5351927341e-01 6.5348694462e-01 5.1539774644e-01 5.1538996947e-01 5.1536664103e-01 5.1532776848e-01 178 4 24
3.0199517204e+01 -0.036110% 3.3134836149e+01 6.6245750678e+01 -2.3921619585e-02 2.1409686861e+02 -0.007940% 3.2206536688e+01 6.4407959158e+01 -5.1142185578e-03 5.9409810011e+02 -0.008671% 3.0946354721e+01 6.1887342980e+01 -5.3664620056e-03 8.2855532183e-01 7.6545669366e-01 7.6541071252e-01 6.5352195907e-01 6.5351211225e-01 6.5348261490e-01 5.1540767093e-01 5.1540057881e-01 5.1537930453e-01 5.1534385424e-01 140 3 18
3.3113112148e+01 -0.033300% 3.3141495186e+01 6.6260925414e+01 -2.2064957002e-02 2.3479727659e+02 -0.007226% 3.2206927802e+01 6.4409201415e+01 -4.6541886636e-03 6.5147625283e+02 -0.007908% 3.0950700166e+01 6.1896505624e+01 -4.8947070341e-03 8.2853057280e-01 7.6544505429e-01 7.6540266094e-01 6.5351435380e-01 6.5350537157e-01 6.5347846122e-01 5.1541687128e-01 5.1541040373e-01 5.1539100281e-01 5.1535867365e-01 138 3 18
3.6307805477e+01 -0.030632% 3.3147739187e+01 6.6275177005e+01 -2.0301368012e-02 2.5749637692e+02 -0.006579% 3.2207252014e+01 6.4410266634e+01 -4.2373938148e-03 7.1439357798e+02 -0.007212% 3.0954671692e+01 6.1904878984e+01 -4.4643993396e-03 8.2850770912e-01 7.6543444874e-01 7.6539546014e-01 6.5350739812e-01 6.5349920532e-01 6.5347465749e-01 5.1542527442e-01 5.1541937646e-01 5.1540168401e-01 5.1537220137e-01 139 3 18
3.9810717055e+01 -0.028118% 3.3153559659e+01 6.6288480141e+01 -1.8639178253e-02 2.8238669360e+02 -0.005992% 3.2207524832e+01 6.4411190269e+01 -3.8593953526e-03 7.8338385762e+02 -0.006577% 3.0958298507e+01 6.1912525112e+01 -4.0719021071e-03 8.2848664129e-01 7.6542478191e-01 7.6538899955e-01 6.5350104359e-01 6.5349357143e-01 6.5347118054e-01 5.1543294459e-01 5.1542756607e-01 5.1541143169e-01 5.1538454504e-01 138 3 18
4.3651583224e+01 -0.025766% 3.3158959087e+01 6.6300834851e+01 -1.7083322790e-02 3.0967937482e+02 -0.005459% 3.2207756973e+01 6.4411997703e+01 -3.5162423211e-03 8.5903241815e+02 -0.005998% 3.0961609657e+01 6.1919505417e+01 -3.7138967967e-03 8.2846727122e-01 7.6541596921e-01 7.6538318561e-01 6.5349524036e-01 6.5348842585e-01 6.5346800374e-01 5.1543994432e-01 5.1543503948e-01 5.1542032598e-01 5.1539580678e-01 139 3 18
4.7863009232e+01 -0.023579% 3.3163947454e+01 6.6312259236e+01 -1.5635671794e-02 3.3960597036e+02 -0.004975% 3.2207956838e+01 6.4412709243e+01 -3.2044322498e-03 9.4198112516e+02 -0.005470% 3.0964631955e+01 6.1925876556e+01 -3.3873544259e-03 8.2844949639e-01 7.6540793429e-01 7.6537793886e-01 6.5348994219e-01 6.5348372774e-01 6.5346510226e-01 5.1544633117e-01 5.1544185830e-01 5.1542844052e-01 5.1540608031e-01 140 3 18
5.2480746025e+01 -0.021554% 3.3168540530e+01 6.6322785589e+01 -1.4295470915e-02 3.7242040308e+02 -0.004535% 3.2208130932e+01 6.4413340999e+01 -2.9208654134e-03 1.0329338473e+03 -0.004989% 3.0967390087e+01 6.1931690662e+01 -3.0895110813e-03 8.2843321187e-01 7.6540060803e-01 7.6537319212e-01 6.5348510639e-01 6.5347943933e-01 6.5346245305e-01 5.1545215799e-01 5.1544807903e-01 5.1543584284e-01 5.1541545150e-01 147 3 18
5.7543993734e+01 -0.019688% 3.3172758257e+01 6.6332456666e+01 -1.3059847576e-02 4.0840112881e+02 -0.004134% 3.2208284214e+01 6.4413905630e+01 -2.6627989304e-03 1.1326624414e+03 -0.004550% 3.0969906755e+01 6.1936995665e+01 -2.8178452633e-03 8.2841831233e-01 7.6539392773e-01 7.6536888862e-01 6.5348069353e-01 6.5347552574e-01 6.5346003480e-01 5.1545747331e-01 5.1545375356e-01 5.1544259487e-01 5.1542399897e-01 139 3 18
6.3095734448e+01 -0.017974% 3.3176623269e+01 6.6341322199e+01 -1.1924338752e-02 4.4785350224e+02 -0.003769% 3.2208420420e+01 6.4414413037e+01 -2.4278023344e-03 1.2420133086e+03 -0.004149% 3.0972202820e+01 6.1941835584e+01 -2.5700569408e-03 8.2840469396e-01 7.6538783639e-01 7.6536498029e-01 6.5347666730e-01 6.5347195485e-01 6.5345782782e-01 5.1546232161e-01 5.1545892941e-01 5.1544875330e-01 5.1543179471e-01 140 3 18
6.9183097092e+01 -0.016403% 3.3180159616e+01 6.6349435835e+01 -1.0883397930e-02 4.9111236896e+02 -0.003437% 3.2208542346e+01 6.4414870977e+01 -2.2137160495e-03 1.3619145802e+03 -0.003784% 3.0974297425e+01 6.1946250801e+01 -2.3440482440e-03 8.2839225610e-01 7.6538228207e-01 7.6536142617e-01 6.5347299430e-01 6.5346869707e-01 6.5345581398e-01 5.1546674364e-01 5.1546365014e-01 5.1545437004e-01 5.1543890453e-01 139 3 18
7.5857757503e+01 -0.014966% 3.3183391716e+01 6.6356852586e+01 -9.9308464314e-03 5.3854490624e+02 -0.003134% 3.2208652099e+01 6.4415285584e+01 -2.0186139285e-03 1.4933839914e+03 -0.003451% 3.0976208114e+01 6.1950278322e+01 -2.1379057284e-03 8.2838090259e-01 7.6537721745e-01 7.6535819108e-01 6.5346964384e-01 6.5346572524e-01 6.5345397658e-01 5.1547077672e-01 5.1546795560e-01 5.1545949257e-01 5.1544538863e-01 139 3 18
8.3176377110e+01 -0.013652% 3.3186343561e+01 6.6363626876e+01 -9.0602457557e-03 5.9055373704e+02 -0.002858% 3.2208751283e+01 6.4415661795e+01 -1.8407705775e-03 1.6375375145e+03 -0.003147% 3.0977950951e+01 6.1953952018e+01 -1.9498841318e-03 8.2837054266e-01 7.6537259936e-01 7.6535524441e-01 6.5346658780e-01 6.5346301444e-01 6.5345230032e-01 5.1547445493e-01 5.1547188220e-01 5.1546416427e-01 5.1545130198e-01 139 3 18
9.1201083936e+01 -0.012453% 3.3189038166e+01 6.6369811152e+01 -8.2651807427e-03 6.4758034455e+02 -0.002606% 3.2208841153e+01 6.4416003672e+01 -1.6786337034e-03 1.7955988250e+03 -0.002870% 3.0979540630e+01 6.1957302868e+01 -1.7783915367e-03 8.2836109156e-01 7.6536838842e-01 7.6535255929e-01 6.5346380042e-01 6.5346054186e-01 6.5345077114e-01 5.1547780946e-01 5.1547546323e-01 5.1546842477e-01 5.1545669477e-01 139 3 18
1.0000000000e+02 -0.011359% 3.3191497226e+01 6.6375454997e+01 -7.5394556411e-03 7.1010881664e+02 -0.002376% 3.2208922722e+01 6.4416314644e+01 -1.5308012645e-03 1.9689096815e+03 -0.002618% 3.0980990575e+01 6.1960359174e+01 -1.6219758417e-03 8.2835247074e-01 7.6536454871e-01 7.6535011185e-01 6.5346125815e-01 6.5345828663e-01 6.5344937620e-01 5.1548086876e-01 5.1547872909e-01 5.1547231024e-01 5.1546161281e-01 138 3 18
1.0964781961e+02 -0.010360% 3.3193740939e+01 6.6380604664e+01 -6.8772144043e-03 7.7866995241e+02 -0.002167% 3.2208996837e+01 6.4416597670e+01 -1.3960028640e-03 2.1589413095e+03 -0.002387% 3.0982313050e+01 6.1963146787e+01 -1.4793124409e-03 8.2834460786e-01 7.6536104746e-01 7.6534788068e-01 6.5345893947e-01 6.5345622969e-01 6.5344810376e-01 5.1548365881e-01 5.1548170749e-01 5.1547585369e-01 5.1546609790e-01 139 3 18
1.2022644346e+02 -0.009449% 3.3195787955e+01 6.6385302909e+01 -6.2730017153e-03 8.5384576599e+02 -0.001976% 3.2209064221e+01 6.4416855358e+01 -1.2730846403e-03 2.3673068855e+03 -0.002177% 3.0983519247e+01 6.1965689301e+01 -1.3491930059e-03 8.2833743657e-01 7.6535785481e-01 7.6534584648e-01 6.5345682473e-01 6.5345435361e-01 6.5344694308e-01 5.1548620329e-01 5.1548442374e-01 5.1547908523e-01 5.1547018816e-01 140 3 18
1.3182567386e+02 -0.008618% 3.3197612883e+01 6.6389504007e+01 -5.7217593206e-03 9.3627188403e+02 -0.001802% 3.2209180370e+01 6.4417199748e+01 -1.1609922339e-03 2.5957771113e+03 -0.001986% 3.0984550917e+01 6.1967871152e+01 -1.2306815045e-03 8.2833096740e-01 7.6535493572e-01 7.6534398398e-01 6.5345505159e-01 6.5345279810e-01 6.5344604000e-01 5.1548840657e-01 5.1548678349e-01 5.1548191434e-01 5.1547379946e-01 102 2 12
1.4454397707e+02 -0.007861% 3.3199315108e+01 6.6393411304e+01 -5.2189118110e-03 1.0266528153e+03 -0.001644% 3.2209237143e+01 6.4417415506e+01 -1.0587803512e-03 2.8462877909e+03 -0.001811% 3.0985554102e+01 6.1969985777e+01 -1.1224255872e-03 8.2832500253e-01 7.6535227874e-01 7.6534229062e-01 6.5345329361e-01 6.5345123856e-01 6.5344507538e-01 5.1549052298e-01 5.1548904276e-01 5.1548460219e-01 5.1547720156e-01 102 2 12
1.5848931925e+02 -0.007169% 3.3200872475e+01 6.6396984741e+01 -4.7602098648e-03 1.1257538603e+03 -0.001499% 3.2209283551e+01 6.4417601532e+01 -9.6556942421e-04 3.1209672149e+03 -0.001652% 3.0986474704e+01 6.1971925718e+01 -1.0236907642e-03 8.2831955672e-01 7.6534985843e-01 7.6534074914e-01 6.5345167692e-01 6.5344980283e-01 6.5344418218e-01 5.1549246238e-01 5.1549111245e-01 5.1548706273e-01 5.1548031344e-01 101 2 12
1.7378008287e+02 -0.006539% 3.3202293546e+01 6.6400245308e+01 -4.3417835942e-03 1.2344160413e+03 -0.001367% 3.2209325288e+01 6.4417770007e+01 -8.8056821233e-04 3.4221472279e+03 -0.001507% 3.0987314866e+01 6.1973696092e+01 -9.3363917307e-04 8.2831458953e-01 7.6534765161e-01 7.6533934383e-01 6.5345020121e-01 6.5344849213e-01 6.5344336624e-01 5.1549423195e-01 5.1549300083e-01 5.1548930755e-01 5.1548315228e-01 101 2 12
1.9054607180e+02 -0.005964% 3.3203589866e+01 6.6403219629e+01 -3.9601035374e-03 1.3535617696e+03 -0.001247% 3.2209363229e+01 6.4417923404e+01 -8.0305315504e-04 3.7523845646e+03 -0.001374% 3.0988081185e+01 6.1975310863e+01 -8.5150743189e-04 8.2831005932e-01 7.6534563921e-01 7.6533806241e-01 6.5344885520e-01 6.5344729659e-01 6.5344262189e-01 5.1549584587e-01 5.1549472311e-01 5.1549135487e-01 5.1548574133e-01 103 2 12
2.0892961309e+02 -0.005439% 3.3204772335e+01 6.6405932721e+01 -3.6119483823e-03 1.4842024748e+03 -0.001137% 3.2209397762e+01 6.4418063160e+01 -7.3236439443e-04 4.1144826221e+03 -0.001253% 3.0988780110e+01 6.1976783621e+01 -7.7659929825e-04 8.2830592770e-01 7.6534380406e-01 7.6533689393e-01 6.5344762759e-01 6.5344620620e-01 6.5344194296e-01 5.1549731777e-01 5.1549629382e-01 5.1549322202e-01 5.1548810251e-01 101 2 12
2.2908676528e+02 -0.004961% 3.3205850931e+01 6.6408407483e+01 -3.2943781963e-03 1.6274471701e+03 -0.001037% 3.2209429203e+01 6.4418190505e+01 -6.6790031534e-04 4.5115152639e+03 -0.001143% 3.0989417563e+01 6.1978126845e+01 -7.0827969382e-04 8.2830215961e-01 7.6534213053e-01 7.6533582841e-01 6.5344650798e-01 6.5344521171e-01 6.5344132371e-01 5.1549866013e-01 5.1549772630e-01 5.1549492485e-01 5.1549025588e-01 101 2 12
2.5118864315e+02 -0.004524% 3.3206834765e+01 6.6410664820e+01 -3.0047100538e-03 1.7845118650e+03 -0.000946% 3.2209457832e+01 6.4418306551e+01 -6.0911240090e-04 4.9468529141e+03 -0.001042% 3.0989998946e+01 6.1979351923e+01 -6.4596933300e-04 8.2829872306e-01 7.6534060438e-01 7.6533485678e-01 6.5344548686e-01 6.5344430470e-01 6.5344075890e-01 5.1549988437e-01 5.1549903272e-01 5.1549647782e-01 5.1549221974e-01 101 2 12
2.7542287033e+02 -0.004126% 3.3207732151e+01 6.6412723807e+01 -2.7404957128e-03 1.9567298871e+03 -0.000862% 3.2209483904e+01 6.4418412308e+01 -5.5550053436e-04 5.4241911694e+03 -0.000951% 3.0990529191e+01 6.1980469243e+01 -5.8913982812e-04 8.2829558888e-01 7.6533921262e-01 7.6533397074e-01 6.5344455557e-01 6.5344347748e-01 6.5344024375e-01 5.1550100087e-01 5.1550022418e-01 5.1549789412e-01 5.1549401076e-01 103 2 12
3.0199517204e+02 -0.003763% 3.3208550676e+01 6.6414601851e+01 -2.4995012026e-03 2.1455632013e+03 -0.000786% 3.2209507652e+01 6.4418508695e+01 -5.0660871710e-04 5.9475821713e+03 -0.000867% 3.0991012794e+01 6.1981488280e+01 -5.3730922319e-04 8.2829273046e-01 7.6533794341e-01 7.6533316276e-01 6.5344370622e-01 6.5344272302e-01 6.5343977389e-01 5.1550201913e-01 5.1550131078e-01 5.1549918578e-01 5.1549564417e-01 106 2 12
3.3113112148e+02 -0.003432% 3.3209297262e+01 6.6416314836e+01 -2.2796881623e-03 2.3526148204e+03 -0.000717% 3.2209529284e+01 6.4418596547e+01 -4.6202116785e-04 6.5214690046e+03 -0.000791% 3.0991453857e+01 6.1982417677e+01 -4.9003791838e-04 8.2829012355e-01 7.6533678595e-01 7.6533242594e-01 6.5344293159e-01 6.5344203493e-01 6.5343934535e-01 5.1550294777e-01 5.1550230177e-01 5.1550036377e-01 5.1549713382e-01 106 2 12
3.6307805477e+02 -0.003130% 3.3209978225e+01 6.6417877254e+01 -2.0791967904e-03 2.5796424130e+03 -0.000654% 3.2209548991e+01 6.4418676624e+01 -4.2135876825e-04 7.1507234149e+03 -0.000721% 3.0991856121e+01 6.1983265318e+01 -4.4692495217e-04 8.2828774601e-01 7.6533573039e-01 7.6533175401e-01 6.5344222510e-01 6.5344140737e-01 6.5343895449e-01 5.1550379470e-01 5.1550320555e-01 5.1550143809e-01 5.1549849238e-01 101 2 12
3.9810717055e+02 -0.002855% 3.3210599328e+01 6.6419302325e+01 -1.8963302663e-03 2.8285732242e+03 -0.000597% 3.2209566947e+01 6.4418749618e+01 -3.8427582366e-04 7.8406871654e+03 -0.000658% 3.0992222999e+01 6.1984038392e+01 -4.0760460811e-04 8.2828557767e-01 7.6533476776e-01 7.6533114126e-01 6.5344158078e-01 6.5344083502e-01 6.5343859800e-01 5.1550456711e-01 5.1550402980e-01 5.1550241788e-01 5.1549973139e-01 101 2 12
4.3651583224e+02 -0.002604% 3.3211165827e+01 6.6420602114e+01 -1.7295405202e-03 3.1015204367e+03 -0.000544% 3.2209583307e+01 6.4418816158e+01 -3.5045711103e-04 8.5972173827e+03 -0.000600% 3.0992557601e+01 6.1984743459e+01 -3.7174332000e-04 8.2828360011e-01 7.6533388987e-01 7.6533058246e-01 6.5344099314e-01 6.5344031302e-01 6.5343827287e-01 5.1550527154e-01 5.1550478152e-01 5.1550331144e-01 5.1550086136e-01 101 2 12
4.7863009232e+02 -0.002375% 3.3211682520e+01 6.6421787626e+01 -1.5774152384e-03 3.4008011089e+03 -0.000496% 3.2209598216e+01 6.4418876817e+01 -3.1961518913e-04 9.4267362787e+03 -0.000547% 3.0992862768e+01 6.1985386499e+01 -3.3903684749e-04 8.2828179656e-01 7.6533308927e-01 7.6533007287e-01 6.5344045721e-01 6.5343983694e-01 6.5343797633e-01 5.1550591399e-01 5.1550546708e-01 5.1550412638e-01 5.1550189189e-01 101 2 12
5.2480746025e+02 -0.002166% 3.3212153783e+01 6.6422868900e+01 -1.4386659936e-03 3.7289558451e+03 -0.000452% 3.2209611803e+01 6.4418932117e+01 -2.9148794599e-04 1.0336285669e+04 -0.000499% 3.0993141088e+01 6.1985972968e+01 -3.0920770037e-04 8.2828015169e-01 7.6533235913e-01 7.6532960814e-01 6.5343996842e-01 6.5343940275e-01 6.5343770587e-01 5.1550649991e-01 5.1550609233e-01 5.1550486960e-01 5.1550283174e-01 100 2 12
5.7543993734e+02 -0.001975% 3.3212583607e+01 6.6423855096e+01 -1.3121174105e-03 4.0887703626e+03 -0.000413% 3.2209624185e+01 6.4418982534e+01 -2.6583636402e-04 1.1333586750e+04 -0.000455% 3.0993394923e+01 6.1986507843e+01 -2.8200278736e-04 8.2827865155e-01 7.6533169327e-01 7.6532918433e-01 6.5343952265e-01 6.5343900675e-01 6.5343745920e-01 5.1550703426e-01 5.1550666255e-01 5.1550554742e-01 5.1550368888e-01 101 2 12
6.3095734448e+02 -0.001802% 3.3212975634e+01 6.6424754570e+01 -1.1966972675e-03 4.4832991396e+03 -0.000376% 3.2209635471e+01 6.4419028499e+01 -2.4244248249e-04 1.2427105647e+04 -0.000415% 3.0993626426e+01 6.1986995661e+01 -2.5719127318e-04 8.2827728341e-01 7.6533108601e-01 7.6532879783e-01 6.5343911609e-01 6.5343864560e-01 6.5343723422e-01 5.1550752160e-01 5.1550718260e-01 5.1550616559e-01 5.1550447060e-01 100 2 12
6.9183097092e+02 -0.001643% 3.3213333185e+01 6.6425574943e+01 -1.0914274707e-03 4.9158913447e+03 -0.000343% 3.2209645758e+01 6.4419070408e+01 -2.2110754083e-04 1.3626125280e+04 -0.000378% 3.0993837562e+01 6.1987440562e+01 -2.3456262152e-04 8.2827603565e-01 7.6533053220e-01 7.6532844536e-01 6.5343874530e-01 6.5343831621e-01 6.5343702904e-01 5.1550796606e-01 5.1550765688e-01 5.1550672937e-01 5.1550518353e-01 102 2 12
7.5857757503e+02 -0.001499% 3.3213659292e+01 6.6426323167e+01 -9.9541580289e-04 5.3902192687e+03 -0.000313% 3.2209655135e+01 6.4419108619e+01 -2.0165028537e-04 1.4940824169e+04 -0.000345% 3.0994030123e+01 6.1987846321e+01 -2.1392481154e-04 8.2827489767e-01 7.6533002713e-01 7.6532812391e-01 6.5343840714e-01 6.5343801581e-01 6.5343684191e-01 5.1550837140e-01 5.1550808944e-01 5.1550724354e-01 5.1550583372e-01 102 2 12
8.3176377110e+02 -0.001367% 3.3213956717e+01 6.6427005586e+01 -9.0784840106e-04 5.9103094982e+03 -0.000285% 3.2209663682e+01 6.4419143459e+01 -1.8390542539e-04 1.6382362841e+04 -0.000315% 3.0994205742e+01 6.1988216382e+01 -1.9510271025e-04 8.2827385983e-01 7.6532956652e-01 7.6532783076e-01 6.5343809872e-01 6.5343774184e-01 6.5343667123e-01 5.1550874108e-01 5.1550848393e-01 5.1550771246e-01 5.1550642670e-01 101 2 12
9.1201083936e+02 -0.001246% 3.3214227984e+01 6.6427627984e+01 -8.2798288678e-04 6.4805770974e+03 -0.000260% 3.2209671475e+01 6.4419175227e+01 -1.6772222706e-04 1.7962978567e+04 -0.000287% 3.0994365911e+01 6.1988553884e+01 -1.7793658771e-04 8.2827291330e-01 7.6532914644e-01 7.6532756341e-01 6.5343781745e-01 6.5343749197e-01 6.5343651557e-01 5.1550907823e-01 5.1550884371e-01 5.1550814013e-01 5.1550696750e-01 101 2 12
1.0000000000e+03 -0.001138% 3.3214458532e+01 6.6428161401e+01 -7.5566239476e-04 7.1058561493e+03 -0.000238% 3.2209696536e+01 6.4419240003e+01 -1.5306983413e-04 1.9696097473e+04 -0.000263% 3.0994479029e+01 6.1988795183e+01 -1.6287522595e-04 8.2827210126e-01 7.6532878159e-01 7.6532733685e-01 6.5343762926e-01 6.5343733221e-01 6.5343644111e-01 5.1550932502e-01 5.1550911046e-01 5.1550846679e-01 5.1550739401e-01 75 1 6
