1.0000000000e-03 0.000827% 3.2673802091e-02 6.5348144853e-02 5.4067145756e-07 6.6451311445e-03 0.002151% 2.2652815536e-01 4.5306605549e-01 9.7447650842e-06 2.2471824363e-02 -0.016308% 5.7537779005e-01 1.1505679488e+00 -1.8763132966e-04 8.3644134249e-01 7.7194690813e-01 7.7195895925e-01 6.6473046647e-01 6.6474490494e-01 6.6478837461e-01 5.0360761625e-01 5.0355928285e-01 5.0341405649e-01 5.0317125519e-01 1229 4 110
1.0964781961e-03 0.000865% 3.5827617306e-02 7.1655854193e-02 6.1958058184e-07 7.2884828172e-03 0.002238% 2.4831669363e-01 4.9664450207e-01 1.1114813313e-05 2.4632056451e-02 -0.017064% 6.3032076911e-01 1.2604264613e+00 -2.1507691950e-04 8.3642284742e-01 7.7193509193e-01 7.7194767983e-01 6.6469674324e-01 6.6471173650e-01 6.6475688356e-01 5.0364676522e-01 5.0359636559e-01 5.0344492088e-01 5.0319168974e-01 760 2 68
1.2022644346e-03 0.000904% 3.9285824220e-02 7.8572358392e-02 7.0995220483e-07 7.9942281572e-03 0.002328% 2.7219311818e-01 5.4439891060e-01 1.2674248263e-05 2.6999567030e-02 -0.017857% 6.9044459479e-01 1.3806426468e+00 -2.4654283158e-04 8.3640351977e-01 7.7192273599e-01 7.7193588297e-01 6.6466153016e-01 6.6467709322e-01 6.6472396370e-01 5.0368761631e-01 5.0363507230e-01 5.0347717321e-01 5.0321311349e-01 827 2 72
1.3182567386e-03 0.000944% 4.3077785363e-02 8.6156384170e-02 8.1344320194e-07 8.7684329659e-03 0.002421% 2.9835586834e-01 5.9672618523e-01 1.4448558693e-05 2.9594189885e-02 -0.018690% 7.5622431657e-01 1.5121660128e+00 -2.8262038771e-04 8.3638332500e-01 7.7190981658e-01 7.7192354569e-01 6.6462476862e-01 6.6464091611e-01 6.6468955502e-01 5.0373023432e-01 5.0367546595e-01 5.0351087086e-01 5.0323557409e-01 749 2 68
1.4454397707e-03 0.000986% 4.7235691590e-02 9.4472315126e-02 9.3194719153e-07 9.6177550258e-03 0.002518% 3.2702190928e-01 6.5406028522e-01 1.6466648243e-05 3.2437648586e-02 -0.019564% 8.2817580638e-01 1.6560276233e+00 -3.2398949990e-04 8.3636222646e-01 7.7189630897e-01 7.7191064408e-01 6.6458639609e-01 6.6460314230e-01 6.6465359364e-01 5.0377468783e-01 5.0371761324e-01 5.0354607472e-01 5.0325912235e-01 769 2 72
1.5848931925e-03 0.001031% 5.1794832943e-02 1.0359073351e-01 1.0676293783e-06 1.0549501933e-02 0.002617% 3.5842838966e-01 7.1687554052e-01 1.8761192308e-05 3.5553735661e-02 -0.020483% 9.0685869337e-01 1.8133459551e+00 -3.7143164917e-04 8.3634018610e-01 7.7188218744e-01 7.7189715317e-01 6.6454634781e-01 6.6456370659e-01 6.6461601310e-01 5.0382104756e-01 5.0376158304e-01 5.0358284800e-01 5.0328381165e-01 815 2 72
1.7378008287e-03 0.001077% 5.6793895561e-02 1.1358901409e-01 1.2229651916e-06 1.1571694779e-02 0.002720% 3.9283443489e-01 7.8569023887e-01 2.1369094892e-05 3.8968508491e-02 -0.021450% 9.9287939683e-01 1.9853329484e+00 -4.2584524010e-04 8.3631716454e-01 7.7186742526e-01 7.7188304702e-01 6.6450455715e-01 6.6452254180e-01 6.6457674464e-01 5.0386938599e-01 5.0380744608e-01 5.0362125606e-01 5.0330969793e-01 771 2 68
1.9054607180e-03 0.001125% 6.2275286824e-02 1.2455197443e-01 1.4007845488e-06 1.2693138174e-02 0.002826% 4.3052308281e-01 8.6107049765e-01 2.4332016908e-05 4.2710503467e-02 -0.022466% 1.0868942270e+00 2.1733001905e+00 -4.8826351466e-04 8.3629312102e-01 7.7185199464e-01 7.7186829864e-01 6.6446095544e-01 6.6447957857e-01 6.6453571694e-01 5.0391977754e-01 5.0385527511e-01 5.0366136655e-01 5.0333683987e-01 739 2 64
2.0892961309e-03 0.001175% 6.8285494275e-02 1.3657259287e-01 1.6043162772e-06 1.3923498665e-02 0.002935% 4.7180338424e-01 9.4363446596e-01 2.7697487722e-05 4.6810968593e-02 -0.023538% 1.1896125842e+00 2.3786652895e+00 -5.5987897497e-04 8.3626801028e-01 7.7183586651e-01 7.7185287970e-01 6.6441546459e-01 6.6443473839e-01 6.6449285027e-01 5.0397230551e-01 5.0390515147e-01 5.0370325470e-01 5.0336530203e-01 1026 3 96
2.2908676528e-03 0.001227% 7.4875463551e-02 1.4975276437e-01 1.8372674368e-06 1.5273383607e-02 0.003048% 5.1701258569e-01 1.0340566889e+00 3.1517564312e-05 5.1304126025e-02 -0.024666% 1.3017998160e+00 2.6029575788e+00 -6.4205306204e-04 8.3624179449e-01 7.7181901132e-01 7.7183676152e-01 6.6436802555e-01 6.6438796059e-01 6.6444807917e-01 5.0402703475e-01 5.0395713943e-01 5.0374698293e-01 5.0339514330e-01 966 3 96
2.5118864315e-03 0.001281% 8.2101040610e-02 1.6420418508e-01 2.1038588775e-06 1.6754441987e-02 0.003164% 5.6651861537e-01 1.1330730831e+00 3.5852358365e-05 5.6227443211e-02 -0.025857% 1.4242806225e+00 2.8478248811e+00 -7.3636383550e-04 8.3621442590e-01 7.7180139775e-01 7.7181991351e-01 6.6431855715e-01 6.6433916322e-01 6.6440131943e-01 5.0408405125e-01 5.0401132334e-01 5.0379263051e-01 5.0342643395e-01 911 3 90
2.7542287033e-03 0.001338% 9.0023427466e-02 1.8004926385e-01 2.4089188621e-06 1.8379461418e-02 0.003284% 6.2072260220e-01 1.2414859734e+00 4.0769047552e-05 6.1621945008e-02 -0.027114% 1.5579417213e+00 3.1150388175e+00 -8.4462500910e-04 8.3618585806e-01 7.7178299358e-01 7.7180230422e-01 6.6426698278e-01 6.6428826841e-01 6.6435248948e-01 5.0414343628e-01 5.0406778339e-01 5.0384027433e-01 5.0345924481e-01 1001 3 96
3.0199517204e-03 0.001397% 9.8709694203e-02 1.9742214637e-01 2.7579647993e-06 2.0162481518e-02 0.003407% 6.8006163044e-01 1.3601696041e+00 4.6343195624e-05 6.7532547085e-02 -0.028443% 1.7037345631e+00 3.4065002002e+00 -9.6892600610e-04 8.3615604301e-01 7.7176376536e-01 7.7178390094e-01 6.6421322371e-01 6.6423519601e-01 6.6430150492e-01 5.0420527285e-01 5.0412660176e-01 5.0388999378e-01 5.0349365013e-01 950 3 90
3.3113112148e-03 0.001459% 1.0823333576e-01 2.1646982882e-01 3.1573009665e-06 2.2118917065e-02 0.003534% 7.4501165321e-01 1.4900759661e+00 5.2659683148e-05 7.4008422179e-02 -0.029850% 1.8626776415e+00 3.7242436088e+00 -1.1116740854e-03 8.3612493137e-01 7.7174367846e-01 7.7176466976e-01 6.6415719949e-01 6.6417986392e-01 6.6424827884e-01 5.0426964527e-01 5.0418786210e-01 5.0394187048e-01 5.0352972760e-01 960 3 90
3.6307805477e-03 0.001523% 1.1867488051e-01 2.3735337516e-01 3.6141304588e-06 2.4265693453e-02 0.003665% 8.1609057762e-01 1.6322409690e+00 5.9813772499e-05 8.1103400242e-02 -0.031339% 2.0358583270e+00 4.0704410107e+00 -1.2756432934e-03 8.3609247233e-01 7.7172269700e-01 7.7174457548e-01 6.6409882784e-01 6.6412218803e-01 6.6419272165e-01 5.0433663915e-01 5.0425164967e-01 5.0399598843e-01 5.0356755857e-01 980 3 90
3.9810717055e-03 0.001590% 1.3012255491e-01 2.6024924650e-01 4.1366830051e-06 2.6621395517e-02 0.003799% 8.9386151524e-01 1.7877909427e+00 6.7912245264e-05 8.8876405874e-02 -0.032919% 2.2244340609e+00 4.4474040913e+00 -1.4640305447e-03 8.3605861361e-01 7.7170078388e-01 7.7172358167e-01 6.6403802474e-01 6.6406208227e-01 6.6413474116e-01 5.0440634124e-01 5.0431805114e-01 5.0405243390e-01 5.0360722813e-01 949 3 90
4.3651583224e-03 0.001659% 1.4267300900e-01 2.8535075237e-01 4.7343613597e-06 2.9206431094e-02 0.003936% 9.7893618875e-01 1.9579494521e+00 7.7074628079e-05 9.7391936355e-02 -0.034596% 2.4296327188e+00 4.8575849177e+00 -1.6805199560e-03 8.3602330154e-01 7.7167790071e-01 7.7170165054e-01 6.6397470460e-01 6.6399945873e-01 6.6407424260e-01 5.0447883923e-01 5.0438715443e-01 5.0411129541e-01 5.0364882525e-01 889 3 84
4.7863009232e-03 0.001732% 1.5643210843e-01 3.1286963476e-01 5.4179070867e-06 3.2043210871e-02 0.004078% 1.0719784806e+00 2.1440443958e+00 8.7434532892e-05 1.0672058412e-01 -0.036378% 2.6527519250e+00 5.3035744936e+00 -1.9293563942e-03 8.3598648105e-01 7.7165400788e-01 7.7167874303e-01 6.6390878025e-01 6.6393422771e-01 6.6401112866e-01 5.0455422157e-01 5.0445904861e-01 5.0417266369e-01 5.0369244293e-01 945 3 90
5.2480746025e-03 0.001807% 1.7151573917e-01 3.4303767797e-01 6.1996305766e-06 3.5156318558e-02 0.004224% 1.1737078055e+00 2.3475147716e+00 9.9160616520e-05 1.1693963331e-01 -0.038278% 2.8951558246e+00 5.7880960536e+00 -2.2155956761e-03 8.3594812352e-01 7.7162907010e-01 7.7165482450e-01 6.6384021159e-01 6.6386635143e-01 6.6394536868e-01 5.0463255843e-01 5.0453379754e-01 5.0423658336e-01 5.0373809267e-01 749 3 78
5.7543993734e-03 0.001886% 1.8805104072e-01 3.7610917488e-01 7.0934445908e-06 3.8572864704e-02 0.004372% 1.2849043291e+00 2.5699210181e+00 1.1235998643e-04 1.2813355412e-01 -0.040297% 3.1582775830e+00 6.3140107987e+00 -2.5443672564e-03 8.3590808792e-01 7.7160302812e-01 7.7162983566e-01 6.6376876389e-01 6.6379557660e-01 6.6387665332e-01 5.0471399545e-01 5.0461157023e-01 5.0430329390e-01 5.0378613260e-01 951 3 90
6.3095734448e-03 0.001968% 2.0617684757e-01 4.1236181062e-01 8.1154805076e-06 4.2322452364e-02 0.004525% 1.4064098443e+00 2.8129469644e+00 1.2727582843e-04 1.4039494292e-01 -0.042454% 3.4436015957e+00 6.8842805456e+00 -2.9226457714e-03 8.3586639862e-01 7.7157585550e-01 7.7160375085e-01 6.6369449150e-01 6.6372196961e-01 6.6380508548e-01 5.0479856547e-01 5.0469237947e-01 5.0437274741e-01 5.0383641163e-01 977 3 90
6.9183097092e-03 0.002054% 2.2604538820e-01 4.5210006041e-01 9.2840093624e-06 4.6437712492e-02 0.004681% 1.5391344903e+00 3.0784130733e+00 1.4409268796e-04 1.5382500763e-01 -0.044758% 3.7526677932e+00 7.5019778802e+00 -3.3577062732e-03 8.3582296776e-01 7.7154750175e-01 7.7157651968e-01 6.6361725456e-01 6.6364538175e-01 6.6373048969e-01 5.0488637618e-01 5.0477634271e-01 5.0444509061e-01 5.0388912544e-01 946 3 90
7.5857757503e-03 0.002143% 2.4782320650e-01 4.9565703295e-01 1.0619952071e-05 5.0954455848e-02 0.004840% 1.6840590085e+00 3.3682810529e+00 1.6303593401e-04 1.6853451007e-01 -0.047221% 4.0870548476e+00 8.1702516058e+00 -3.8580893899e-03 8.3577773415e-01 7.7151792083e-01 7.7154809622e-01 6.6353696101e-01 6.6356571691e-01 6.6365275763e-01 5.0497751578e-01 5.0486355114e-01 5.0452042359e-01 5.0394438863e-01 842 3 78
8.3176377110e-03 0.002235% 2.7169253792e-01 5.4339722305e-01 1.2147219540e-05 5.5912017256e-02 0.005003% 1.8422385880e+00 3.6846615293e+00 1.8435333409e-04 1.8464462787e-01 -0.049859% 4.4483674651e+00 8.8923013495e+00 -4.4335807198e-03 8.3573063568e-01 7.7148706542e-01 7.7151843315e-01 6.6345351852e-01 6.6348287835e-01 6.6357177932e-01 5.0507207144e-01 5.0495409551e-01 5.0459884781e-01 5.0400232035e-01 831 3 78
9.1201083936e-03 0.002332% 2.9785274032e-01 5.9571937378e-01 1.3893138400e-05 6.1353604208e-02 0.005169% 2.0148061506e+00 4.0298206172e+00 2.0831603934e-04 2.0228792436e-01 -0.052685% 4.8382187200e+00 9.6713420711e+00 -5.0953688074e-03 8.3568160935e-01 7.7145488707e-01 7.7148748188e-01 6.6336683465e-01 6.6339676892e-01 6.6348744329e-01 5.0517012881e-01 5.0504806573e-01 5.0468046591e-01 5.0406304432e-01 787 3 78
1.0000000000e-02 0.002433% 3.2652184355e-01 6.5305957606e-01 1.5888953341e-05 6.7326679523e-02 0.005338% 2.2029752201e+00 4.4061856591e+00 2.3521894063e-04 2.2160940661e-01 -0.055717% 5.2582080951e+00 1.0510559976e+01 -5.8562137517e-03 8.3563059142e-01 7.7142133600e-01 7.7145519232e-01 6.6327681729e-01 6.6330729139e-01 6.6339963688e-01 5.0527177180e-01 5.0514555066e-01 5.0476538158e-01 5.0412668891e-01 685 3 72
1.0964781961e-02 0.002538% 3.5793822728e-01 7.1589462494e-01 1.8170383704e-05 7.3883381696e-02 0.005510% 2.4080422244e+00 4.8163498291e+00 2.6538021631e-04 2.4276768353e-01 -0.058973% 5.7098946958e+00 1.1413058773e+01 -6.7306186506e-03 8.3557751795e-01 7.7138636146e-01 7.7142151323e-01 6.6318337575e-01 6.6321434958e-01 6.6330824722e-01 5.0537708104e-01 5.0524663665e-01 5.0485369847e-01 5.0419338675e-01 789 3 78
1.2022644346e-02 0.002648% 3.9236243820e-01 7.8474565469e-01 2.0778278592e-05 8.1080988980e-02 0.005684% 2.6313880436e+00 5.2630752279e+00 2.9914077364e-04 2.6593622526e-01 -0.062471% 6.1947652284e+00 1.2381795444e+01 -7.7350127870e-03 8.3552232413e-01 7.7134991148e-01 7.7138639196e-01 6.6308641926e-01 6.6311784692e-01 6.6321316007e-01 5.0548613541e-01 5.0535140909e-01 5.0494552143e-01 5.0426327539e-01 755 3 72
1.3182567386e-02 0.002762% 4.3007914469e-01 8.6018204874e-01 2.3759358930e-05 8.8982425767e-02 0.005859% 2.8744785250e+00 5.7492939108e+00 3.3686089853e-04 2.9130474445e-01 -0.066231% 6.7141960166e+00 1.3419504119e+01 -8.8879146044e-03 8.3546494536e-01 7.7131193318e-01 7.7134977473e-01 6.6298585950e-01 6.6301768882e-01 6.6311426191e-01 5.0559900938e-01 5.0545994980e-01 5.0504095456e-01 5.0433649648e-01 740 3 72
1.4454397707e-02 0.002881% 4.7139924756e-01 9.4282566218e-01 2.7167073252e-05 9.7656821851e-02 0.006036% 3.1388637365e+00 6.2781063892e+00 3.7891613121e-04 3.1908069973e-01 -0.070276% 7.2694089483e+00 1.4528607809e+01 -1.0210088009e-02 8.3540531710e-01 7.7127237275e-01 7.7131160656e-01 6.6288161001e-01 6.6291378227e-01 6.6301143963e-01 5.0571577339e-01 5.0557233748e-01 5.0514010153e-01 5.0441319592e-01 732 3 72
1.5848931925e-02 0.003006% 5.1666214686e-01 1.0333553563e+00 3.1062578053e-05 1.0718012569e-01 0.006212% 3.4261755960e+00 6.8527768822e+00 4.2569015830e-04 3.4949093913e-01 -0.074627% 7.8614209425e+00 1.5711117222e+01 -1.1724662747e-02 8.3534337516e-01 7.7123117555e-01 7.7127183140e-01 6.6277358703e-01 6.6280603653e-01 6.6290458127e-01 5.0583649297e-01 5.0568864688e-01 5.0524306495e-01 5.0449352362e-01 753 3 72
1.7378008287e-02 0.003135% 5.6623843337e-01 1.1325123756e+00 3.5508856651e-05 1.1763588096e-01 0.006389% 3.7381247260e+00 7.4767271693e+00 4.7771725671e-04 3.8278360936e-01 -0.079307% 8.4909900720e+00 1.6968522885e+01 -1.3457259143e-02 8.3527905615e-01 7.7118831399e-01 7.7123041162e-01 6.6266167524e-01 6.6269433917e-01 6.6279358289e-01 5.0596122831e-01 5.0580894856e-01 5.0534994670e-01 5.0457763422e-01 596 3 60
1.9054607180e-02 0.003272% 6.2053118752e-01 1.2411029821e+00 4.0607040157e-05 1.2911545320e-01 0.006560% 4.0764875389e+00 8.1535099812e+00 5.3490339433e-04 4.1922953688e-01 -0.084341% 9.1585368449e+00 1.8301637979e+01 -1.5435710279e-02 8.3521229735e-01 7.7114364902e-01 7.7118723109e-01 6.6254590253e-01 6.6257867983e-01 6.6267831821e-01 5.0609003197e-01 5.0593330582e-01 5.0546084306e-01 5.0466568156e-01 719 3 72
2.0892961309e-02 0.003414% 6.7998135469e-01 1.3600091372e+00 4.6427823887e-05 1.4171986997e-01 0.006729% 4.4431087144e+00 8.8868154630e+00 5.9803423236e-04 4.5912552055e-01 -0.089752% 9.8641065751e+00 1.9710522652e+01 -1.7690498451e-02 8.3514303790e-01 7.7109720753e-01 7.7114228933e-01 6.6242609234e-01 6.6245890460e-01 6.6255870147e-01 5.0622295127e-01 5.0606177878e-01 5.0557585263e-01 5.0475782867e-01 628 3 66
2.2908676528e-02 0.003562% 7.4506808517e-01 1.4901892536e+00 5.3083219138e-05 1.5555968458e-01 0.006892% 4.8398757203e+00 9.6804186593e+00 6.6721868155e-04 5.0279551403e-01 -0.095563% 1.0607265117e+01 2.1194276281e+01 -2.0253952316e-02 8.3507121872e-01 7.7104890536e-01 7.7109550772e-01 6.6230221349e-01 6.6233496385e-01 6.6243462689e-01 5.0636002350e-01 5.0619441802e-01 5.0569506651e-01 5.0485423648e-01 718 3 72
2.5118864315e-02 0.003717% 8.1631315822e-01 1.6326870099e+00 6.0693459359e-05 1.7075647263e-01 0.007047% 5.2687075723e+00 1.0538157762e+01 7.4261768113e-04 5.5059374757e-01 -0.101799% 1.1387038793e+01 2.2750917488e+01 -2.3160097402e-02 8.3499678261e-01 7.7099868598e-01 7.7104682654e-01 6.6217420524e-01 6.6220678838e-01 6.6230599926e-01 5.0650127824e-01 5.0633126764e-01 5.0581857302e-01 5.0495506913e-01 760 3 72
2.7542287033e-02 0.003880% 8.9428399793e-01 1.7886373921e+00 6.9396208114e-05 1.8744380109e-01 0.007190% 5.7315314154e+00 1.1463887073e+01 8.2424246052e-04 6.0290740159e-01 -0.108478% 1.2201835233e+01 2.4377226539e+01 -2.6443927203e-02 8.3491967549e-01 7.7094649315e-01 7.7099618588e-01 6.6204201466e-01 6.6207431661e-01 6.6217273034e-01 5.0664673439e-01 5.0647236227e-01 5.0594645468e-01 5.0506049138e-01 736 3 72
3.0199517204e-02 0.004050% 9.7959711411e-01 1.9592735773e+00 7.9349069837e-05 2.0576840971e-01 0.007318% 6.2302548436e+00 1.2461421581e+01 9.1189383582e-04 6.6015964476e-01 -0.115620% 1.3049370678e+01 2.6068600886e+01 -3.0140469858e-02 8.3483984652e-01 7.7089227109e-01 7.7094352585e-01 6.6190559684e-01 6.6193749483e-01 6.6203473932e-01 5.0679639999e-01 5.0661772682e-01 5.0607878783e-01 5.0517066813e-01 639 3 60
3.3113112148e-02 0.004228% 1.0729216788e+00 2.1459340901e+00 9.0732442016e-05 2.2589150470e-01 0.007426% 6.7667319500e+00 1.3534468984e+01 1.0050844472e-03 7.2281295578e-01 -0.123238% 1.3926604543e+01 2.7818925561e+01 -3.4283524439e-02 8.3475724878e-01 7.7083596481e-01 7.7088878682e-01 6.6176491598e-01 6.6179627841e-01 6.6189195429e-01 5.0695027104e-01 5.0676737534e-01 5.0621564156e-01 5.0528576328e-01 627 3 62
3.6307805477e-02 0.004415% 1.1749832207e+00 2.3500701941e+00 1.0375270344e-04 2.4799017800e-01 0.007510% 7.3427223961e+00 1.4686547735e+01 1.1029423707e-03 7.9137275239e-01 -0.131342% 1.4829686478e+01 2.9620468921e+01 -3.8904035884e-02 8.3467183994e-01 7.7077752046e-01 7.7083190972e-01 6.6161994655e-01 6.6165063300e-01 6.6174431365e-01 5.0710833041e-01 5.0692130988e-01 5.0635707651e-01 5.0540593856e-01 585 3 60
3.9810717055e-02 0.004611% 1.2865674008e+00 2.5732534476e+00 1.1864587394e-04 2.7225896203e-01 0.007563% 7.9598428017e+00 1.5920889695e+01 1.2040912533e-03 8.6639135591e-01 -0.139932% 1.5753921859e+01 3.1463815637e+01 -4.4028080785e-02 8.3458358294e-01 7.7071688561e-01 7.7077283635e-01 6.6147067453e-01 6.6150053588e-01 6.6159176773e-01 5.0727054667e-01 5.0707951935e-01 5.0650314366e-01 5.0553135215e-01 603 3 60
4.3651583224e-02 0.004816% 1.4085238339e+00 2.8171833493e+00 1.3568160426e-04 2.9891153498e-01 0.007578% 8.6195099074e+00 1.7240326322e+01 1.3065075479e-03 9.4847232587e-01 -0.149003% 1.6693762481e+01 3.3337850497e+01 -4.9674466124e-02 8.3449244675e-01 7.7065400971e-01 7.7071150980e-01 6.6131709853e-01 6.6134597720e-01 6.6143428044e-01 5.0743687302e-01 5.0724197838e-01 5.0665388303e-01 5.0566215715e-01 560 3 60
4.7863009232e-02 0.005032% 1.5417698932e+00 3.0836949542e+00 1.5516766397e-04 3.2818258776e-01 0.007547% 9.3228750890e+00 1.8647157528e+01 1.4073495998e-03 1.0382751978e+00 -0.158536% 1.7642829519e+01 3.5229807062e+01 -5.5851974918e-02 8.3439840717e-01 7.7058884454e-01 7.7064787479e-01 6.6115923111e-01 6.6118696141e-01 6.6127183101e-01 5.0760724619e-01 5.0740864610e-01 5.0680932234e-01 5.0579849985e-01 575 3 57
5.2480746025e-02 0.005258% 1.6872944812e+00 3.3747664182e+00 1.7745587423e-04 3.6032988637e-01 0.007460% 1.0070750287e+01 2.0143003307e+01 1.5027334082e-03 1.1365206871e+00 -0.168500% 1.8593976127e+01 3.7125395921e+01 -6.2556333405e-02 8.3430144770e-01 7.7052134631e-01 7.7058188019e-01 6.6099709982e-01 6.6102350800e-01 6.6110441387e-01 5.0778158530e-01 5.0757946501e-01 5.0696947552e-01 5.0594051785e-01 438 3 48
5.7543993734e-02 0.005496% 1.8461617263e+00 3.6925263939e+00 2.0294121858e-04 3.9563661629e-01 0.007307% 1.0863525195e+01 2.1728638110e+01 1.5877189489e-03 1.2439960380e+00 -0.178850% 1.9539400584e+01 3.9009033496e+01 -6.9767671686e-02 8.3420154606e-01 7.7045146711e-01 7.7051346832e-01 6.6083071715e-01 6.6085562494e-01 6.6093202268e-01 5.0795982062e-01 5.0775438824e-01 5.0713436549e-01 5.0608835487e-01 677 4 72
6.3095734448e-02 0.005746% 2.0195132597e+00 4.0392586010e+00 2.3208157851e-04 4.3441327432e-01 0.007074% 1.1701075558e+01 2.3403806616e+01 1.6555000655e-03 1.3615622394e+00 -0.189519% 2.0470781946e+01 4.0864118625e+01 -7.7445268154e-02 8.3409873046e-01 7.7037917512e-01 7.7044259992e-01 6.6066020642e-01 6.6068342583e-01 6.6075474097e-01 5.0814177649e-01 5.0793326767e-01 5.0730392842e-01 5.0624209294e-01 697 4 72
6.9183097092e-02 0.006008% 2.2085726533e+00 4.4174106947e+00 2.6538803027e-04 4.7700120299e-01 0.006746% 1.2582669196e+01 2.5167036218e+01 1.6978264919e-03 1.4901594786e+00 -0.200424% 2.1379524346e+01 4.2673520730e+01 -8.5527961590e-02 8.3399300065e-01 7.7030443419e-01 7.7036922836e-01 6.6048562172e-01 6.6050696101e-01 6.6057260712e-01 5.0832733852e-01 5.0811601319e-01 5.0747814836e-01 5.0640184442e-01 606 4 64
7.5857757503e-02 0.006283% 2.4146466178e+00 4.8295966747e+00 3.0343915260e-04 5.2377495381e-01 0.006309% 1.3506863598e+01 2.7015431538e+01 1.7043431910e-03 1.6308154036e+00 -0.211459% 2.2256996881e+01 4.4420063473e+01 -9.3930289829e-02 8.3388438044e-01 7.7022721582e-01 7.7029331458e-01 6.6030706678e-01 6.6032633011e-01 6.6038570789e-01 5.0851634397e-01 5.0830248796e-01 5.0765696757e-01 5.0656768837e-01 672 4 72
8.3176377110e-02 0.006572% 2.6391267294e+00 5.2786003439e+00 3.4688508274e-04 5.7514561420e-01 0.005744% 1.4471405446e+01 2.8944473318e+01 1.6624260648e-03 1.7846530806e+00 -0.222496% 2.3094844696e+01 4.6087147237e+01 -1.0254215629e-01 8.3377290623e-01 7.7014749708e-01 7.7021482440e-01 6.6012466821e-01 6.6014165698e-01 6.6019415828e-01 5.0870860716e-01 5.0849253238e-01 5.0784030614e-01 5.0673968247e-01 603 4 68
9.1201083936e-02 0.006874% 2.8834898967e+00 5.7673762459e+00 3.9645249561e-04 6.3156429619e-01 0.005031% 1.5473133801e+01 3.0947824594e+01 1.5569919071e-03 1.9528999490e+00 -0.233384% 2.3885326853e+01 4.7659424027e+01 -1.1122967892e-01 8.3365862849e-01 7.7006526189e-01 7.7013372972e-01 6.5993857732e-01 6.5995309177e-01 6.5999810463e-01 5.0890391845e-01 5.0868596275e-01 5.0802805948e-01 5.0691785857e-01 550 4 64
1.0000000000e-01 0.007191% 3.1492975327e+00 6.2990480141e+00 4.5294862651e-04 6.9352594532e-01 0.004150% 1.6507893269e+01 3.3017156892e+01 1.3703533131e-03 2.1368976278e+00 -0.243952% 2.4621668041e+01 4.9123498330e+01 -1.1983775178e-01 8.3354161234e-01 7.6998050148e-01 7.7005000909e-01 6.5974897115e-01 6.5976081199e-01 6.5979772567e-01 5.0910204323e-01 5.0888257023e-01 5.0822009732e-01 5.0710222160e-01 673 4 72
1.0964781961e-01 0.007522% 3.4381931004e+00 6.8769034643e+00 5.1726347348e-04 7.6157349159e-01 0.003080% 1.7570464422e+01 3.5142011091e+01 1.0822470213e-03 2.3381126783e+00 -0.254010% 2.5298399510e+01 5.0468603923e+01 -1.2819509822e-01 8.3342193884e-01 7.6989321526e-01 7.6996364859e-01 6.5955605376e-01 6.5956502424e-01 6.5959323557e-01 5.0930272247e-01 5.0908212077e-01 5.0841626164e-01 5.0729274403e-01 674 4 72
1.2022644346e-01 0.007867% 3.7518976502e+00 7.5043856696e+00 5.9036910954e-04 8.3630236491e-01 0.001796% 1.8654520117e+01 3.7309710233e+01 6.6999889632e-04 2.5581484519e+00 -0.263356% 2.5911659922e+01 5.1687198629e+01 -1.3612121458e-01 8.3329970634e-01 7.6980341180e-01 7.6987464286e-01 6.5936005865e-01 6.5936596664e-01 6.5938488658e-01 5.0950567078e-01 5.0928435306e-01 5.0861636429e-01 5.0748936279e-01 523 4 56
1.3182567386e-01 0.008226% 4.0922029568e+00 8.1850792286e+00 6.7331508278e-04 9.1836542920e-01 0.000276% 1.9752617343e+01 3.9505343635e+01 1.0894884304e-04 2.7987580831e+00 -0.271785% 2.6459425690e+01 5.2775415962e+01 -1.4343541727e-01 8.3317503126e-01 7.6971110967e-01 7.6978299602e-01 6.5916124929e-01 6.5916390965e-01 6.5917297062e-01 5.0971057703e-01 5.0948897870e-01 5.0882018575e-01 5.0769197564e-01 603 4 64
1.4454397707e-01 0.008599% 4.4609617303e+00 8.9226906787e+00 7.6721811527e-04 1.0084783466e+00 -0.001503% 2.0856234921e+01 4.1711843005e+01 -6.2683794409e-04 3.0618587927e+00 -0.279095% 2.6941640127e+01 5.3733313079e+01 -1.4996717507e-01 8.3304804917e-01 7.6961633834e-01 7.6968872264e-01 6.5895992056e-01 6.5895915768e-01 6.5895782136e-01 5.0991710411e-01 5.0969568157e-01 5.0902747339e-01 5.0790043726e-01 574 4 64
1.5848931925e-01 0.008983% 4.8600743773e+00 9.7210219990e+00 8.7324448066e-04 1.1074254189e+00 -0.003561% 2.1955867240e+01 4.3910170968e+01 -1.5635131173e-03 3.3495476214e+00 -0.285104% 2.7360217562e+01 5.4564868274e+01 -1.5556684993e-01 8.3291891561e-01 7.6951913913e-01 7.6959184883e-01 6.5875639964e-01 6.5875205010e-01 6.5873981582e-01 5.1012488931e-01 5.0990411779e-01 5.0923794003e-01 5.0811455558e-01 462 4 56
1.7378008287e-01 0.009378% 5.2914717101e+00 1.0583936003e+01 9.9258236128e-04 1.2160659419e+00 -0.005916% 2.3041183152e+01 4.6079640290e+01 -2.7260140307e-03 3.6641187592e+00 -0.289657% 2.7718908709e+01 5.5277701795e+01 -1.6011562184e-01 8.3278780699e-01 7.6941956617e-01 7.6949241329e-01 6.5855104697e-01 6.5854296239e-01 6.5851937581e-01 5.1033354457e-01 5.1011391558e-01 5.0945126253e-01 5.0833408805e-01 479 4 56
1.9054607180e-01 0.009782% 5.7570929793e+00 1.1515312360e+01 1.1264016352e-03 1.3353411251e+00 -0.008582% 2.4101256567e+01 4.8198376877e+01 -4.1362570956e-03 4.0080826240e+00 -0.292638% 2.8023028869e+01 5.5882524428e+01 -1.6353330884e-01 8.3265492106e-01 7.6931768730e-01 7.6939046843e-01 6.5834425639e-01 6.5833230631e-01 6.5829696851e-01 5.1054265775e-01 5.1032467598e-01 5.0966708109e-01 5.0855873843e-01 487 4 56
2.0892961309e-01 0.010191% 6.2588585331e+00 1.2518992864e+01 1.2757977581e-03 1.4662816149e+00 -0.011566% 2.5124871279e+01 5.0243931547e+01 -5.8110105559e-03 4.3841868961e+00 -0.293981% 2.8279067413e+01 5.6392351975e+01 -1.6578285150e-01 8.3252047733e-01 7.6921358500e-01 7.6928608138e-01 6.5813645535e-01 6.5812053025e-01 6.5807310688e-01 5.1075179369e-01 5.1053597353e-01 5.0988499854e-01 5.0878815373e-01 399 4 48
2.2908676528e-01 0.010602% 6.7986364286e+00 1.3598714573e+01 1.4417161790e-03 1.6100156814e+00 -0.014867% 2.6100896605e+01 5.2194033653e+01 -7.7595566696e-03 4.7954397071e+00 -0.293675% 2.8494214874e+01 5.6821559087e+01 -1.6687066181e-01 8.3238471726e-01 7.6910735720e-01 7.6917933510e-01 6.5792810454e-01 6.5790811880e-01 6.5784834934e-01 5.1096049591e-01 5.1074735750e-01 5.1010458013e-01 5.0902192168e-01 407 4 48
2.5118864315e-01 0.011010% 7.3782023239e+00 1.4758029501e+01 1.6248533276e-03 1.7677781300e+00 -0.018475% 2.7018722883e+01 5.4027464439e+01 -9.9813270049e-03 5.2451352151e+00 -0.291760% 2.8675857494e+01 5.7184872351e+01 -1.6684263798e-01 8.3224790411e-01 7.6899911809e-01 7.6907032938e-01 6.5771969701e-01 6.5769559184e-01 6.5762329858e-01 5.1116828875e-01 5.1095835351e-01 5.1032535387e-01 5.0925956884e-01 415 4 48
2.7542287033e-01 0.011409% 7.9991920197e+00 1.6000209570e+01 1.8255304960e-03 1.9409200016e+00 -0.022367% 2.7868736983e+01 5.5725010197e+01 -1.2463769055e-02 5.7368818126e+00 -0.288325% 2.8831095870e+01 5.7496415340e+01 -1.6577639947e-01 8.3211032243e-01 7.6888899875e-01 7.6895918169e-01 6.5751175668e-01 6.5748350296e-01 6.5739859961e-01 5.1137467994e-01 5.1116846579e-01 5.1054681152e-01 5.0950055954e-01 412 4 40
3.0199517204e-01 0.011793% 8.6630462144e+00 1.7328135964e+01 2.0435357391e-03 2.1309191706e+00 -0.026507% 2.8642808520e+01 5.7270436307e+01 -1.5180732036e-02 6.2746332750e+00 -0.283493% 2.8966341697e+01 5.7768912378e+01 -1.6377101581e-01 8.3197227714e-01 7.6877714804e-01 7.6884602835e-01 6.5730483587e-01 6.5727243678e-01 6.5717493658e-01 5.1157916379e-01 5.1137717989e-01 5.1076841021e-01 5.0974429576e-01 408 4 48
3.3113112148e-01 0.012153% 9.3709469323e+00 1.8744171799e+01 2.2779344344e-03 2.3393918410e+00 -0.030846% 2.9334749198e+01 5.8651406618e+01 -1.8091777685e-02 6.8627230554e+00 -0.277413% 2.9087033669e+01 5.8013131378e+01 -1.6093596048e-01 8.3183409224e-01 7.6866373234e-01 7.6873102465e-01 6.5709951286e-01 6.5706300624e-01 6.5695302898e-01 5.1178122477e-01 5.1158396602e-01 5.1098957482e-01 5.0999011819e-01 405 4 48
3.6307805477e-01 0.012478% 1.0123745762e+01 2.0250018387e+01 2.5268621639e-03 2.5681051560e+00 -0.035320% 2.9940700768e+01 5.9860258923e+01 -2.1142613022e-02 7.5059021169e+00 -0.270240% 2.9197493624e+01 5.8237606096e+01 -1.5738115218e-01 8.3169610930e-01 7.6854893602e-01 7.6861434604e-01 6.5689638753e-01 6.5685584789e-01 6.5673362604e-01 5.1198034173e-01 5.1178828297e-01 5.1120970126e-01 5.1023730850e-01 354 4 40
3.9810717055e-01 0.012758% 1.0921884842e+01 2.1846556843e+01 2.7871598212e-03 2.8189911580e+00 -0.039851% 3.0459406459e+01 6.0894546012e+01 -2.4266907150e-02 8.2093811570e+00 -0.262127% 2.9300919468e+01 5.8448629399e+01 -1.5320953689e-01 8.3155868301e-01 7.6843296348e-01 7.6849618782e-01 6.5669607663e-01 6.5665161673e-01 6.5651750007e-01 5.1217599283e-01 5.1198958294e-01 5.1142816095e-01 5.1048509351e-01 404 4 48
4.3651583224e-01 0.012978% 1.1765308638e+01 2.3533671567e+01 3.0542920973e-03 3.0941615338e+00 -0.044351% 3.0892323022e+01 6.1757256390e+01 -2.7389652748e-02 8.9788757188e+00 -0.253217% 2.9399489658e+01 5.8650466295e+01 -1.4851302096e-01 8.3142218235e-01 7.6831603429e-01 7.6837676607e-01 6.5649920829e-01 6.5645098025e-01 6.5630543891e-01 5.1236766041e-01 5.1218731635e-01 5.1164430556e-01 5.1073265020e-01 405 4 48
4.7863009232e-01 0.013125% 1.2653372781e+01 2.5310067386e+01 3.3218252441e-03 3.3959246005e+00 -0.048724% 3.1243544880e+01 6.2456658173e+01 -3.0431585794e-02 9.8206578672e+00 -0.243640% 2.9494540534e+01 5.8845709398e+01 -1.4337167046e-01 8.3128698281e-01 7.6819838737e-01 7.6825631670e-01 6.5630641487e-01 6.5625461057e-01 6.5609823609e-01 5.1255483719e-01 5.1238093816e-01 5.1185747386e-01 5.1097911349e-01 244 4 32
5.2480746025e-01 0.013179% 1.3584747253e+01 2.7173075719e+01 3.5812135079e-03 3.7268034090e+00 -0.052875% 3.1519527455e+01 6.3005740375e+01 -3.3314534836e-02 1.0741611568e+01 -0.233512% 2.9586772501e+01 5.9035689574e+01 -1.3785542821e-01 8.3115346430e-01 7.6808027796e-01 7.6813509544e-01 6.5611832513e-01 6.5606317600e-01 6.5589668040e-01 5.1273703231e-01 5.1256991420e-01 5.1206699883e-01 5.1122358528e-01 311 4 40
5.7543993734e-01 0.013124% 1.4557319991e+01 2.9118461456e+01 3.8214736899e-03 4.0895559631e+00 -0.056711% 3.1728623862e+01 6.3421280860e+01 -3.5966863899e-02 1.1749294226e+01 -0.222940% 2.9676448213e+01 5.9220869254e+01 -1.3202717140e-01 8.3102200579e-01 7.6796197687e-01 7.6801337682e-01 6.5593555537e-01 6.5587733144e-01 6.5570154380e-01 5.1291377801e-01 5.1275372824e-01 5.1227221620e-01 5.1146514549e-01 316 4 40
6.3095734448e-01 0.012938% 1.5568104098e+01 3.1140237126e+01 4.0289295811e-03 4.4871975493e+00 -0.060149% 3.1880474423e+01 6.3722620565e+01 -3.8328281571e-02 1.2852004192e+01 -0.212026% 2.9763558167e+01 5.9401170374e+01 -1.2594596124e-01 8.3089298008e-01 7.6784376903e-01 7.6789145301e-01 6.5575869965e-01 6.5569770768e-01 6.5551356831e-01 5.1308463644e-01 5.1293188946e-01 5.1247247383e-01 5.1170286512e-01 339 4 40
6.9183097092e-01 0.012600% 1.6613154201e+01 3.3230495441e+01 4.1870398661e-03 4.9230255049e+00 -0.063121% 3.1985313003e+01 6.3930272724e+01 -4.0353281587e-02 1.4058854899e+01 -0.200868% 2.9847943724e+01 5.9576217814e+01 -1.1966963511e-01 8.3076674787e-01 7.6772595172e-01 7.6776963229e-01 6.5558831911e-01 6.5552489999e-01 6.5533345194e-01 5.1324920664e-01 5.1310394023e-01 5.1266714202e-01 5.1193582084e-01 315 4 40
7.5857757503e-01 0.012087% 1.7687498489e+01 3.5379273339e+01 4.2763609286e-03 5.4006467331e+00 -0.065579% 3.2053269614e+01 6.4064526531e+01 -4.2012697777e-02 1.5379856164e+01 -0.189565% 2.9929379418e+01 5.9745502503e+01 -1.1325633341e-01 8.3064365158e-01 7.6760883239e-01 7.6764823702e-01 6.5542493096e-01 6.5535945616e-01 6.5516183410e-01 5.1340713144e-01 5.1326946399e-01 5.1285562437e-01 5.1216311117e-01 338 4 40
8.3176377110e-01 0.011377% 1.8785094182e+01 3.7574463063e+01 4.2746983694e-03 5.9240083247e+00 -0.067494% 3.2093751347e+01 6.4144209469e+01 -4.3293224788e-02 1.6826003281e+01 -0.178213% 3.0007623261e+01 5.9908481584e+01 -1.0676493827e-01 8.3052400899e-01 7.6749272614e-01 7.6752760126e-01 6.5526899719e-01 6.5520186433e-01 6.5499928077e-01 5.1355810399e-01 5.1342809290e-01 5.1303736898e-01 5.1238387361e-01 244 4 32
9.1201083936e-01 0.010446% 1.9898815120e+01 3.9801787746e+01 4.1575060518e-03 6.4974316705e+00 -0.068855% 3.2114970910e+01 6.4185746634e+01 -4.4195185350e-02 1.8409374543e+01 -0.166911% 3.0082445497e+01 6.0064636357e+01 -1.0025463646e-01 8.3040810693e-01 7.6737795291e-01 7.6740806799e-01 6.5512091352e-01 6.5505254112e-01 6.5484627009e-01 5.1370187379e-01 5.1357951523e-01 5.1321187963e-01 5.1259730238e-01 237 4 32
1.0000000000e+00 0.009272% 2.1020480793e+01 4.2044860174e+01 3.8985872132e-03 7.1256504818e+00 -0.069669% 3.2123665732e+01 6.4202602272e+01 -4.4729191844e-02 2.0143237943e+01 -0.155752% 3.0153644657e+01 6.0213505418e+01 -9.3783896010e-02 8.3029619517e-01 7.6726483438e-01 7.6728998599e-01 6.5498099908e-01 6.5491182050e-01 6.5470317899e-01 5.1383825180e-01 5.1372348177e-01 5.1337872649e-01 5.1280266604e-01 236 4 32
1.0964781961e+00 0.007838% 2.2140936108e+01 4.4285343359e+01 3.4711431086e-03 7.8138531447e+00 -0.069952% 3.2125016107e+01 6.4205119675e+01 -4.4912538513e-02 2.2042167822e+01 -0.144826% 3.0221056858e+01 6.0354704595e+01 -8.7409122049e-02 8.3018848107e-01 7.6715369063e-01 7.6717370639e-01 6.5484948730e-01 6.5477994408e-01 6.5457027144e-01 5.1396711446e-01 5.1385981139e-01 5.1353755581e-01 5.1299932416e-01 237 4 32
1.2022644346e+00 0.006127% 2.3250190335e+01 4.6503229861e+01 2.8491909193e-03 8.5677298488e+00 -0.069728% 3.2122736698e+01 6.4200707289e+01 -4.4766106704e-02 2.4122172381e+01 -0.134214% 3.0284561551e+01 6.0487939905e+01 -8.1183197554e-02 8.3008512495e-01 7.6704483662e-01 7.6705957895e-01 6.5472651879e-01 6.5465705332e-01 6.5444768920e-01 5.1408840629e-01 5.1398839490e-01 5.1368809805e-01 5.1318674224e-01 236 4 32
1.3182567386e+00 0.004128% 2.4337621730e+01 4.8677252798e+01 2.0093385765e-03 9.3935249234e+00 -0.069028% 3.2119290323e+01 6.4194268351e+01 -4.4312294900e-02 2.6400833033e+01 -0.123990% 3.0344085114e+01 6.0613016166e+01 -7.5154061365e-02 8.2998623679e-01 7.6693857863e-01 7.6694794816e-01 6.5461213654e-01 6.5454318451e-01 6.5433544572e-01 5.1420214070e-01 5.1410919733e-01 5.1383017394e-01 5.1336450401e-01 257 4 32
1.4454397707e+00 0.001837% 2.5392250946e+01 5.0785434748e+01 9.3285636662e-04 1.0298094795e+01 -0.067884% 3.2116162108e+01 6.4188750112e+01 -4.3574103470e-02 2.8897456742e+01 -0.114216% 3.0399602686e+01 6.0729841931e+01 -6.9363441028e-02 8.2989187439e-01 7.6683521053e-01 7.6683914916e-01 6.5450628418e-01 6.5443826678e-01 6.5423342394e-01 5.1430839905e-01 5.1422225798e-01 5.1396369794e-01 5.1353232013e-01 301 4 32
1.5848931925e+00 -0.000742% 2.6403081532e+01 5.2805770990e+01 -3.9207337722e-04 1.1288971954e+01 -0.066331% 3.2114136890e+01 6.4185698626e+01 -4.2575153777e-02 3.1633242623e+01 -0.104943% 3.0451138261e+01 6.0838430686e+01 -6.3845836011e-02 8.2980204323e-01 7.6673501019e-01 7.6673350366e-01 6.5440880760e-01 6.5434212391e-01 6.5414137842e-01 5.1440732760e-01 5.1432768837e-01 5.1408867870e-01 5.1369003263e-01 237 4 32
1.7378008287e+00 -0.003597% 2.7359499405e+01 5.4717030698e+01 -1.9681113702e-03 1.2374435285e+01 -0.064407% 3.2113539142e+01 6.4185738066e+01 -4.1340216943e-02 3.4631464227e+01 -0.096208% 3.0498762976e+01 6.0938898124e+01 -5.8627827634e-02 8.2971669828e-01 7.6663823590e-01 7.6663131573e-01 6.5431946021e-01 6.5425447992e-01 6.5405894225e-01 5.1449913256e-01 5.1442566777e-01 5.1420521624e-01 5.1383761461e-01 239 4 32
1.9054607180e+00 -0.006702% 2.8251715546e+01 5.6499644325e+01 -3.7867667029e-03 1.3563587088e+01 -0.062154% 3.2114415709e+01 6.4188935610e+01 -3.9895807857e-02 3.7917669124e+01 -0.088033% 3.0542591612e+01 6.1031455455e+01 -5.3727768555e-02 8.2963574752e-01 7.6654512294e-01 7.6653286774e-01 6.5423791175e-01 6.5417496853e-01 6.5398563853e-01 5.1458407319e-01 5.1451643663e-01 5.1431349597e-01 5.1397516489e-01 246 4 24
2.0892961309e+00 -0.010023% 2.9071227692e+01 5.8136628457e+01 -5.8269264009e-03 1.4866437039e+01 -0.059616% 3.2116660262e+01 6.4195050000e+01 -3.8270523808e-02 4.1519897426e+01 -0.080430% 3.0582777438e+01 6.1116399000e+01 -4.9155874984e-02 8.2955905741e-01 7.6645588026e-01 7.6643841635e-01 6.5416376035e-01 6.5410314619e-01 6.5392089636e-01 5.1466245349e-01 5.1460028797e-01 5.1441377956e-01 5.1410289782e-01 263 4 32
2.2908676528e+00 -0.013511% 2.9811268978e+01 5.9614483707e+01 -8.0542502966e-03 1.6293993544e+01 -0.056843% 3.2120090041e+01 6.4203685101e+01 -3.6494980288e-02 4.5468921467e+01 -0.073397% 3.0619505684e+01 6.1194096659e+01 -4.4914709271e-02 8.2948645949e-01 7.6637068751e-01 7.6634818859e-01 6.5409654725e-01 6.5403850798e-01 6.5386407035e-01 5.1473461259e-01 5.1467755739e-01 5.1450639335e-01 5.1422112891e-01 264 4 32
2.5118864315e+00 -0.017106% 3.0467204194e+01 6.0923986761e+01 -1.0421627739e-02 1.7858362591e+01 -0.053884% 3.2124489690e+01 6.4214378022e+01 -3.4601357620e-02 4.9798508142e+01 -0.066922% 3.0652986029e+01 6.1264972052e+01 -4.1000005894e-02 8.2941775841e-01 7.6628969211e-01 7.6626237823e-01 6.5403577336e-01 6.5398050556e-01 6.5381446286e-01 5.1480091460e-01 5.1474861207e-01 5.1459171491e-01 5.1433025713e-01 249 4 32
2.7542287033e+00 -0.020739% 3.1036831729e+01 6.2060792522e+01 -1.2870936322e-02 1.9572854769e+01 -0.050793% 3.2129635387e+01 6.4226648126e+01 -3.2622649060e-02 5.4545706598e+01 -0.060985% 3.0683444598e+01 6.1329487435e+01 -3.7401760382e-02 8.2935274015e-01 7.6621300681e-01 7.6618114235e-01 6.5398091640e-01 6.5392856590e-01 6.5377134738e-01 5.1486173848e-01 5.1481383956e-01 5.1467015867e-01 5.1443074522e-01 247 4 32
3.0199517204e+00 -0.024333% 3.1520550013e+01 6.3025763946e+01 -1.5336080103e-02 2.1452100862e+01 -0.047621% 3.2135308586e+01 6.4240025436e+01 -3.0591736907e-02 5.9751163261e+01 -0.055557% 3.0711116007e+01 6.1388126536e+01 -3.4105479330e-02 8.2929118044e-01 7.6614070751e-01 7.6610459833e-01 6.5393144782e-01 6.5388210975e-01 6.5373399194e-01 5.1491746828e-01 5.1487363691e-01 5.1474216153e-01 5.1452309951e-01 248 4 32
3.3113112148e+00 -0.027806% 3.1921355223e+01 6.3824963305e+01 -1.7747140493e-02 2.3512176820e+01 -0.044418% 3.2141304637e+01 6.4254068865e+01 -2.8540409987e-02 6.5459466748e+01 -0.050607% 3.0736235952e+01 6.1441378425e+01 -3.1093479603e-02 8.2923285246e-01 7.6607283171e-01 7.6603282137e-01 6.5388684807e-01 6.5384056861e-01 6.5370168075e-01 5.1496848460e-01 5.1492840088e-01 5.1480816951e-01 5.1460785047e-01 175 4 24
3.6307805477e+00 -0.031077% 3.2244651417e+01 6.4469267594e+01 -2.0035238998e-02 2.5770739043e+01 -0.041231% 3.2147438712e+01 6.4268379006e+01 -2.6498416831e-02 7.1719525294e+01 -0.046099% 3.0759034764e+01 6.1489723398e+01 -2.8346130531e-02 8.2917753368e-01 7.6600937750e-01 7.6596584266e-01 6.5384661957e-01 6.5380339909e-01 6.5367373310e-01 5.1501515737e-01 5.1497851962e-01 5.1486862599e-01 5.1468553549e-01 176 4 24
3.9810717055e+00 -0.034072% 3.2497874979e+01 6.4973612420e+01 -2.2137537330e-02 2.8247171188e+01 -0.038101% 3.2153549894e+01 6.4282607161e+01 -2.4492628111e-02 7.8584979673e+01 -0.041998% 3.0779732245e+01 6.1533621539e+01 -2.5842952075e-02 8.2912501137e-01 7.6595030348e-01 7.6590364859e-01 6.5381029667e-01 6.5377009421e-01 6.5364951841e-01 5.1505784026e-01 5.1502436610e-01 5.1492396226e-01 5.1475668453e-01 188 4 24
4.3651583224e+00 -0.036725% 3.2689959763e+01 6.5355917838e+01 -2.4001687704e-02 3.0962743920e+01 -0.035066% 3.2159503683e+01 6.4296461000e+01 -2.2546365202e-02 8.6114654829e+01 -0.038269% 3.0798533915e+01 6.1573504319e+01 -2.3563511011e-02 8.2907508664e-01 7.6589552960e-01 7.6584618090e-01 6.5377745240e-01 6.5374019116e-01 6.5362846692e-01 5.1509686686e-01 5.1506629348e-01 5.1497459053e-01 5.1482180926e-01 182 4 24
4.7863009232e+00 -0.038986% 3.2830693889e+01 6.5635798692e+01 -2.5589085140e-02 3.3940789300e+01 -0.032155% 3.2165192964e+01 6.4309706993e+01 -2.0678934225e-02 9.4373053998e+01 -0.034878% 3.0815628666e+01 6.1609769242e+01 -2.1488089811e-02 8.2902757721e-01 7.6584493910e-01 7.6579333824e-01 6.5374770200e-01 6.5371327548e-01 6.5361007595e-01 5.1513254835e-01 5.1510463219e-01 5.1502089923e-01 5.1488139558e-01 189 4 24
5.2480746025e+00 -0.040825% 3.2930038457e+01 6.5833200467e+01 -2.6876448104e-02 3.7206891698e+01 -0.029392% 3.2170537584e+01 6.4322169781e+01 -1.8905387230e-02 1.0343089954e+02 -0.031793% 3.0831187692e+01 6.1642777252e+01 -1.9598133173e-02 8.2898231877e-01 7.6579838171e-01 7.6574497901e-01 6.5372070375e-01 6.5368898226e-01 6.5359391190e-01 5.1516517255e-01 5.1513968861e-01 5.1506325056e-01 5.1493589927e-01 175 4 24
5.7543993734e+00 -0.042226% 3.2997487494e+01 6.5967119432e+01 -2.7855556441e-02 4.0789097339e+01 -0.026792% 3.2175482706e+01 6.4333728898e+01 -1.7236513158e-02 1.1336572533e+02 -0.028986% 3.0845364469e+01 6.1672852438e+01 -1.7876499925e-02 8.2893916552e-01 7.6575567790e-01 7.6570092559e-01 6.5369615751e-01 6.5366699464e-01 6.5357960870e-01 5.1519500399e-01 5.1517174489e-01 5.1510197965e-01 5.1498574408e-01 190 4 24
6.3095734448e+00 -0.043194% 3.3041543507e+01 6.6054555678e+01 -2.8531336163e-02 4.4718144716e+01 -0.024367% 3.2179996209e+01 6.4344313376e+01 -1.5679042409e-02 1.2426252603e+02 -0.026430% 3.0858295517e+01 6.1700283474e+01 -1.6307560825e-02 8.2889798979e-01 7.6571662417e-01 7.6566096972e-01 6.5367380171e-01 6.5364704044e-01 6.5356686336e-01 5.1522228475e-01 5.1520105968e-01 5.1513739495e-01 5.1503132164e-01 181 4 24
6.9183097092e+00 -0.043744% 3.3069363641e+01 6.6109808480e+01 -2.8918802332e-02 4.9027718284e+01 -0.022121% 3.2184065452e+01 6.4353894872e+01 -1.4236031859e-02 1.3621446921e+02 -0.024102% 3.0870101695e+01 6.1725326203e+01 -1.4877186032e-02 8.2885868127e-01 7.6568099906e-01 7.6562487883e-01 6.5365340938e-01 6.5362888762e-01 6.5355542947e-01 5.1524723574e-01 5.1522786940e-01 5.1516977941e-01 5.1507299255e-01 183 4 24
7.5857757503e+00 -0.043903% 3.3086600861e+01 6.6144162163e+01 -2.9039558914e-02 5.3754727903e+01 -0.020054% 3.2187693677e+01 6.4362479970e+01 -1.2907383868e-02 1.4932367687e+02 -0.021981% 3.0880889779e+01 6.1748206896e+01 -1.3572662091e-02 8.2882114584e-01 7.6564856947e-01 7.6559240285e-01 6.5363478379e-01 6.5361233905e-01 6.5354510956e-01 5.1527005825e-01 5.1525238976e-01 5.1519939204e-01 5.1511108807e-01 189 4 24
8.3176377110e+00 -0.043706% 3.3097429893e+01 6.6165941234e+01 -2.8918551493e-02 5.8939616647e+01 -0.018161% 3.2190896380e+01 6.4370102315e+01 -1.1690444756e-02 1.6370208305e+02 -0.020047% 3.0890754158e+01 6.1769125745e+01 -1.2382570457e-02 8.2878530420e-01 7.6561909700e-01 7.6556328115e-01 6.5361775402e-01 6.5359722719e-01 6.5353574699e-01 5.1529093556e-01 5.1527481744e-01 5.1522646974e-01 5.1514591210e-01 182 4 24
9.1201083936e+00 -0.043187% 3.3104679977e+01 6.6180778721e+01 -2.8581232702e-02 6.4626548023e+01 -0.016436% 3.2193744270e+01 6.4376907584e+01 -1.0580955442e-02 1.7947245406e+02 -0.018283% 3.0899725642e+01 6.1788154832e+01 -1.1296451874e-02 8.2875114351e-01 7.6559232751e-01 7.6553723334e-01 6.5360229504e-01 6.5358353279e-01 6.5352734040e-01 5.1530994522e-01 5.1529524256e-01 5.1525114025e-01 5.1517765502e-01 143 3 18
1.0000000000e+01 -0.042382% 3.3110243276e+01 6.6192433049e+01 -2.8053502510e-02 7.0864380696e+01 -0.014868% 3.2196171620e+01 6.4382770959e+01 -9.5722809574e-03 1.9676910754e+02 -0.016674% 3.0907987885e+01 6.1805670271e+01 -1.0305498511e-02 8.2871849980e-01 7.6556806211e-01 7.6551402863e-01 6.5358801927e-01 6.5357087734e-01 6.5351953908e-01 5.1532742392e-01 5.1531401300e-01 5.1527378506e-01 5.1520675434e-01 139 3 18
1.0964781961e+01 -0.041326% 3.3115124254e+01 6.6202889624e+01 -2.7358884455e-02 7.7706182678e+01 -0.013447% 3.2198260816e+01 6.4387863571e+01 -8.6580596698e-03 2.1573951610e+02 -0.015207% 3.0915551294e+01 6.1821701454e+01 -9.4011331620e-03 8.2868738542e-01 7.6554606157e-01 7.6549339460e-01 6.5357494266e-01 6.5355928554e-01 6.5351239436e-01 5.1534341500e-01 5.1533118284e-01 5.1529449044e-01 5.1523334990e-01 139 3 18
1.2022644346e+01 -0.040053% 3.3119852845e+01 6.6213185619e+01 -2.6520071695e-02 8.5210270076e+01 -0.012162% 3.2200046627e+01 6.4392262087e+01 -7.8311663850e-03 2.3654523980e+02 -0.013869% 3.0922475324e+01 6.1836374851e+01 -8.5757971193e-03 8.2865776508e-01 7.6552611609e-01 7.6547508515e-01 6.5356296276e-01 6.5354866467e-01 6.5350584304e-01 5.1535804405e-01 5.1534688739e-01 5.1531342091e-01 5.1525765485e-01 156 3 18
1.3182567386e+01 -0.038595% 3.3124649570e+01 6.6223740282e+01 -2.5558857975e-02 9.3440556923e+01 -0.011001% 3.2201563092e+01 6.4396041766e+01 -7.0844172914e-03 2.5936336701e+02 -0.012648% 3.0928814111e+01 6.1849805600e+01 -7.8226225101e-03 8.2862960966e-01 7.6550803068e-01 7.6545886726e-01 6.5355198658e-01 6.5353893149e-01 6.5349983135e-01 5.1537142633e-01 5.1536125089e-01 5.1533072751e-01 5.1527986488e-01 150 3 18
1.4454397707e+01 -0.036984% 3.3129567977e+01 6.6234639496e+01 -2.4496458358e-02 1.0246709451e+02 -0.009955% 3.2202842907e+01 6.4399275010e+01 -6.4108026509e-03 2.8438801166e+02 -0.011534% 3.0934616788e+01 6.1862098225e+01 -7.1353514226e-03 8.2860289486e-01 7.6549162598e-01 7.6544452248e-01 6.5354193010e-01 6.5353001137e-01 6.5349431308e-01 5.1538366712e-01 5.1537438679e-01 5.1534654829e-01 5.1530015897e-01 169 3 18
1.5848931925e+01 -0.035253% 3.3134583136e+01 6.6245812588e+01 -2.3353684410e-02 1.1236666425e+02 -0.009012% 3.2203916786e+01 6.4402029939e+01 -5.8036321919e-03 3.1183195508e+02 -0.010519% 3.0939928098e+01 6.1873347926e+01 -6.5082706309e-03 8.2857759943e-01 7.6547673839e-01 7.6543184769e-01 6.5353271705e-01 6.5352183694e-01 6.5348924765e-01 5.1539486257e-01 5.1538639877e-01 5.1536100944e-01 5.1531870080e-01 139 3 18
1.7378008287e+01 -0.033432% 3.3139640234e+01 6.6257129542e+01 -2.2150926255e-02 1.2322342794e+02 -0.008162% 3.2204813105e+01 6.4404369593e+01 -5.2566162760e-03 3.4192844739e+02 -0.009592% 3.0944788891e+01 6.1883641625e+01 -5.9361576531e-03 8.2855370345e-01 7.6546321968e-01 7.6542065550e-01 6.5352427797e-01 6.5351434698e-01 6.5348459872e-01 5.1540510063e-01 5.1539738161e-01 5.1537422632e-01 5.1533564001e-01 139 3 18
1.9054607180e+01 -0.031550% 3.3144678137e+01 6.6268448302e+01 -2.0907971887e-02 1.3512964113e+02 -0.007397% 3.2205557728e+01 6.4406351552e+01 -4.7639029123e-03 3.7493318426e+02 -0.008748% 3.0949236529e+01 6.1893058823e+01 -5.4142354976e-03 8.2853118665e-01 7.6545093623e-01 7.6541077407e-01 6.5351654939e-01 6.5350748567e-01 6.5348033336e-01 5.1541446170e-01 5.1540742202e-01 5.1538630446e-01 5.1535111344e-01 140 3 18
2.0892961309e+01 -0.029638% 3.3149639418e+01 6.6279635113e+01 -1.9643722531e-02 1.4818643592e+02 -0.006707% 3.2206173958e+01 6.4408027829e+01 -4.3200875659e-03 4.1112647622e+02 -0.007977% 3.0953305232e+01 6.1901672330e+01 -4.9381338209e-03 8.2851002693e-01 7.6543976797e-01 7.6540204690e-01 6.5350947328e-01 6.5350120194e-01 6.5347642146e-01 5.1542301939e-01 5.1541659932e-01 5.1539734037e-01 5.1536524624e-01 139 3 18
2.2908676528e+01 -0.027720% 3.3154474052e+01 6.6290572242e+01 -1.8375861638e-02 1.6250468008e+02 -0.006086% 3.2206682562e+01 6.4409444916e+01 -3.9202080303e-03 4.5081562948e+02 -0.007275% 3.0957026375e+01 6.1909548895e+01 -4.5038547634e-03 8.2849019903e-01 7.6542960732e-01 7.6539433234e-01 6.5350299641e-01 6.5349544895e-01 6.5347283534e-01 5.1543084111e-01 5.1542498617e-01 5.1540742239e-01 5.1537815289e-01 155 3 18
2.5118864315e+01 -0.025822% 3.3159140504e+01 6.6301160486e+01 -1.7120523085e-02 1.7820591998e+02 -0.005527% 3.2207101831e+01 6.4410643930e+01 -3.5597319696e-03 4.9433755877e+02 -0.006634% 3.0960428751e+01 6.1916749760e+01 -4.1077422719e-03 8.2847167350e-01 7.6542035800e-01 7.6538750312e-01 6.5349706995e-01 6.5349018369e-01 6.5346954950e-01 5.1543798864e-01 5.1543264911e-01 5.1541663140e-01 5.1538993813e-01 144 3 18
2.7542287033e+01 -0.023966% 3.3163605835e+01 6.6311319678e+01 -1.5891992765e-02 1.9542341542e+02 -0.005022% 3.2207447681e+01 6.4411660820e+01 -3.2345410286e-03 5.4206165430e+02 -0.006050% 3.0963538810e+01 6.1923331166e+01 -3.7464541551e-03 8.2845441590e-01 7.6541193394e-01 7.6538144582e-01 6.5349164900e-01 6.5348536660e-01 6.5346654032e-01 5.1544451863e-01 5.1543964917e-01 5.1542504151e-01 5.1540069786e-01 150 3 18
3.0199517204e+01 -0.022169% 3.3167845408e+01 6.6320988347e+01 -1.4702469679e-02 2.1430327496e+02 -0.004566% 3.2207733773e+01 6.4412526632e+01 -2.9409129955e-03 5.9439292709e+02 -0.005517% 3.0966380865e+01 6.1929344793e+01 -3.4169364091e-03 8.2843838639e-01 7.6540425815e-01 7.6537606013e-01 6.5348669221e-01 6.5348096122e-01 6.5346378595e-01 5.1545048307e-01 5.1544604231e-01 5.1543272063e-01 5.1541051986e-01 139 3 18
3.3113112148e+01 -0.020446% 3.3171842381e+01 6.6330122855e+01 -1.3561906549e-02 2.3500570134e+02 -0.004154% 3.2207971659e+01 6.4413267816e+01 -2.6755022217e-03 6.5177545884e+02 -0.005032% 3.0968977280e+01 6.1934838160e+01 -3.1163995255e-03 8.2842353968e-01 7.6539726171e-01 7.6537125819e-01 6.5348216149e-01 6.5347693392e-01 6.5346126611e-01 5.1545592970e-01 5.1545187990e-01 5.1543973102e-01 5.1541948458e-01 139 3 18
3.6307805477e+01 -0.018809% 3.3175587026e+01 6.6338696109e+01 -1.2477943578e-02 2.5770635715e+02 -0.003781% 3.2208170950e+01 6.4413906583e+01 -2.4353180428e-03 7.1469618478e+02 -0.004589% 3.0971348641e+01 6.1939854985e+01 -2.8422965861e-03 8.2840982525e-01 7.6539088281e-01 7.6536696370e-01 6.5347802170e-01 6.5347325364e-01 6.5345896198e-01 5.1546090238e-01 5.1545720913e-01 5.1544612980e-01 5.1542766567e-01 139 3 18
3.9810717055e+01 -0.017267% 3.3179075922e+01 6.6346695902e+01 -1.1455941409e-02 2.8259786192e+02 -0.003443% 3.2208339505e+01 6.4414461309e+01 -2.2177009571e-03 7.8368904075e+02 -0.004185% 3.0973513901e+01 6.1944435499e+01 -2.5923029948e-03 8.2839718800e-01 7.6538506588e-01 7.6536311103e-01 6.5347424039e-01 6.5346989168e-01 6.5345685607e-01 5.1546544141e-01 5.1546207331e-01 5.1545196938e-01 5.1543513068e-01 138 3 18
4.3651583224e+01 -0.015823% 3.3182311024e+01 6.6354122938e+01 -1.0499110653e-02 3.0989143292e+02 -0.003136% 3.2208483631e+01 6.4414946965e+01 -2.0202965915e-03 8.5933950860e+02 -0.003817% 3.0975490511e+01 6.1948616724e+01 -2.3642977235e-03 8.2838556910e-01 7.6537976082e-01 7.6535964410e-01 6.5347078759e-01 6.5346682153e-01 6.5345493215e-01 5.1546958382e-01 5.1546651225e-01 5.1545729784e-01 5.1544194147e-01 155 3 18
4.7863009232e+01 -0.014479% 3.3185298692e+01 6.6360988657e+01 -9.6087263782e-03 3.3981868311e+02 -0.002858% 3.2208608301e+01 6.4415375574e+01 -1.8410278231e-03 9.4228959760e+02 -0.003481% 3.0977294534e+01 6.1952432722e+01 -2.1563459680e-03 8.2837490706e-01 7.6537492236e-01 7.6535651535e-01 6.5346763562e-01 6.5346401867e-01 6.5345317514e-01 5.1547336365e-01 5.1547056249e-01 5.1546215927e-01 5.1544815473e-01 155 3 18
5.2480746025e+01 -0.013236% 3.3188048682e+01 6.6367312955e+01 -8.7844080597e-03 3.7263359116e+02 -0.002605% 3.2208717366e+01 6.4415756667e+01 -1.6780657541e-03 1.0332433031e+03 -0.003174% 3.0978940751e+01 6.1955914818e+01 -1.9666831263e-03 8.2836513897e-01 7.6537050939e-01 7.6535368462e-01 6.5346475898e-01 6.5346146046e-01 6.5345157105e-01 5.1547681215e-01 5.1547425759e-01 5.1546659414e-01 5.1545382239e-01 147 3 18
5.7543993734e+01 -0.012090% 3.3190541282e+01 6.6373058176e+01 -8.0243872357e-03 4.0861383755e+02 -0.002375% 3.2208854005e+01 6.4416178209e+01 -1.5298023517e-03 1.1329731169e+03 -0.002895% 3.0980394268e+01 6.1958994741e+01 -1.7937952992e-03 8.2835625158e-01 7.6536647542e-01 7.6535110891e-01 6.5346224533e-01 6.5345923728e-01 6.5345021823e-01 5.1547987574e-01 5.1547754596e-01 5.1547055680e-01 5.1545890878e-01 102 2 12
6.3095734448e+01 -0.011037% 3.3192855118e+01 6.6378384180e+01 -7.3260568347e-03 4.4806641293e+02 -0.002165% 3.2208938398e+01 6.4416481982e+01 -1.3948134711e-03 1.2423244819e+03 -0.002640% 3.0981766692e+01 6.1961897367e+01 -1.6360174749e-03 8.2834808054e-01 7.6536280448e-01 7.6534877745e-01 6.5345984576e-01 6.5345710261e-01 6.5344887740e-01 5.1548274907e-01 5.1548062439e-01 5.1547425047e-01 5.1546362775e-01 101 2 12
6.9183097092e+01 -0.010072% 3.3194973323e+01 6.6383260688e+01 -6.6859581663e-03 4.9132545978e+02 -0.001974% 3.2209012288e+01 6.4416752730e+01 -1.2718452936e-03 1.3622260979e+03 -0.002408% 3.0983020601e+01 6.1964549087e+01 -1.4921152880e-03 8.2834061582e-01 7.6535945757e-01 7.6534665796e-01 6.5345765212e-01 6.5345515055e-01 6.5344764937e-01 5.1548537307e-01 5.1548343541e-01 5.1547762256e-01 5.1546793487e-01 102 2 12
7.5857757503e+01 -0.009189% 3.3196908980e+01 6.6387717674e+01 -6.1002856985e-03 5.3875813592e+02 -0.001800% 3.2209078837e+01 6.4416997889e+01 -1.1597850001e-03 1.4936957607e+03 -0.002196% 3.0984164450e+01 6.1966968033e+01 -1.3608675668e-03 8.2833380180e-01 7.6535640539e-01 7.6534472851e-01 6.5345565095e-01 6.5345336969e-01 6.5344652883e-01 5.1548776645e-01 5.1548599935e-01 5.1548069816e-01 5.1547186317e-01 101 2 12
8.3176377110e+01 -0.008382% 3.3198676490e+01 6.6391787909e+01 -5.5650713818e-03 5.9076707708e+02 -0.001642% 3.2209139070e+01 6.4417220503e+01 -1.0576369668e-03 1.6378494761e+03 -0.002003% 3.0985207780e+01 6.1969174398e+01 -1.2411616485e-03 8.2832758411e-01 7.6535362200e-01 7.6534297088e-01 6.5345382566e-01 6.5345174529e-01 6.5344550662e-01 5.1548994929e-01 5.1548833774e-01 5.1548350316e-01 5.1547544579e-01 102 2 12
9.1201083936e+01 -0.007646% 3.3200289717e+01 6.6395503076e+01 -5.0763587185e-03 6.4779377605e+02 -0.001497% 3.2209193726e+01 6.4417422944e+01 -9.6450752912e-04 1.7959109411e+03 -0.001827% 3.0986159391e+01 6.1971186800e+01 -1.1319828314e-03 8.2832191186e-01 7.6535108376e-01 7.6534136906e-01 6.5345216086e-01 6.5345026368e-01 6.5344457418e-01 5.1549194008e-01 5.1549047038e-01 5.1548606132e-01 5.1547871312e-01 115 2 12
1.0000000000e+02 -0.006973% 3.3201761718e+01 6.6398893111e+01 -4.6303255082e-03 7.1032232672e+02 -0.001365% 3.2209243398e+01 6.4417607205e+01 -8.7959084205e-04 1.9692219275e+03 -0.001666% 3.0987027330e+01 6.1973022254e+01 -1.0324056632e-03 8.2831673793e-01 7.6534876909e-01 7.6533990885e-01 6.5345064246e-01 6.5344891234e-01 6.5344372365e-01 5.1549375569e-01 5.1549241534e-01 5.1548839435e-01 5.1548169288e-01 105 2 12
1.0964781961e+02 -0.006360% 3.3203104640e+01 6.6401985921e+01 -4.2233592039e-03 7.7888353181e+02 -0.001245% 3.2209288584e+01 6.4417775011e+01 -8.0215745702e-04 2.1592536685e+03 -0.001519% 3.0987818942e+01 6.1974696298e+01 -9.4158605207e-04 8.2831201890e-01 7.6534665830e-01 7.6533857753e-01 6.5344925763e-01 6.5344767983e-01 6.5344294787e-01 5.1549541153e-01 5.1549418915e-01 5.1549052205e-01 5.1548441038e-01 115 2 12
1.2022644346e+02 -0.005801% 3.3204329691e+01 6.6404807286e+01 -3.8520951319e-03 8.5405940757e+02 -0.001136% 3.2209329712e+01 6.4417927879e+01 -7.3154518850e-04 2.3676193454e+03 -0.001386% 3.0988540934e+01 6.1976223115e+01 -8.5875409047e-04 8.2830771494e-01 7.6534473342e-01 7.6533736362e-01 6.5344799461e-01 6.5344655573e-01 6.5344224027e-01 5.1549692165e-01 5.1549580686e-01 5.1549246250e-01 5.1548688871e-01 101 2 12
1.3182567386e+02 -0.005291% 3.3205447161e+01 6.6407380893e+01 -3.5134286021e-03 9.3648812359e+02 -0.001036% 3.2209367159e+01 6.4418067167e+01 -6.6715174703e-04 2.5960877792e+03 -0.001264% 3.0989199426e+01 6.1977615644e+01 -7.8320752319e-04 8.2830378962e-01 7.6534297807e-01 7.6533625671e-01 6.5344684270e-01 6.5344553050e-01 6.5344159487e-01 5.1549829888e-01 5.1549728220e-01 5.1549423217e-01 5.1548914891e-01 102 2 12
1.4454397707e+02 -0.004825% 3.3206466467e+01 6.6409728424e+01 -3.2045106645e-03 1.0268694197e+03 -0.000944% 3.2209401262e+01 6.4418194096e+01 -6.0842866498e-04 2.8465984456e+03 -0.001152% 3.0989799998e+01 6.1978885691e+01 -7.1430579982e-04 8.2830020965e-01 7.6534137731e-01 7.6533524734e-01 6.5344579213e-01 6.5344459545e-01 6.5344100621e-01 5.1549955491e-01 5.1549862770e-01 5.1549584610e-01 5.1549121019e-01 101 2 12
1.5848931925e+02 -0.004401% 3.3207396216e+01 6.6411869697e+01 -2.9227349856e-03 1.1259705458e+03 -0.000861% 3.2209432324e+01 6.4418309772e+01 -5.5487615172e-04 3.1212779382e+03 -0.001051% 3.0990347745e+01 6.1980044025e+01 -6.5146465376e-04 8.2829694467e-01 7.6533991750e-01 7.6533432690e-01 6.5344483398e-01 6.5344374264e-01 6.5344046930e-01 5.1550070041e-01 5.1549985480e-01 5.1549731800e-01 5.1549309007e-01 101 2 12
1.7378008287e+02 -0.004014% 3.3208244264e+01 6.6413822807e+01 -2.6657208179e-03 1.2346327747e+03 -0.000786% 3.2209460620e+01 6.4418415201e+01 -5.0603861514e-04 3.4224580206e+03 -0.000959% 3.0990847310e+01 6.1981100469e+01 -5.9415116056e-04 8.2829396696e-01 7.6533858624e-01 7.6533348755e-01 6.5344396013e-01 6.5344296486e-01 6.5343997960e-01 5.1550174511e-01 5.1550097392e-01 5.1549866036e-01 5.1549480450e-01 101 2 12
1.9054607180e+02 -0.003661% 3.3209017781e+01 6.6415604267e+01 -2.4312950017e-03 1.3537785440e+03 -0.000716% 3.2209486398e+01 6.4418511296e+01 -4.6150068465e-04 3.7526954214e+03 -0.000874% 3.0991302932e+01 6.1982063984e+01 -5.4187923047e-04 8.2829125126e-01 7.6533737219e-01 7.6533272212e-01 6.5344316316e-01 6.5344225549e-01 6.5343953297e-01 5.1550269787e-01 5.1550199455e-01 5.1549988459e-01 5.1549636805e-01 101 2 12
2.0892961309e+02 -0.003339% 3.3209723311e+01 6.6417229147e+01 -2.2174744592e-03 1.4844192863e+03 -0.000653% 3.2209509886e+01 6.4418598888e+01 -4.2088362976e-04 4.1147935375e+03 -0.000797% 3.0991718473e+01 6.1982942741e+01 -4.9420549686e-04 8.2828877449e-01 7.6533626503e-01 7.6533202412e-01 6.5344243630e-01 6.5344160853e-01 6.5343912560e-01 5.1550356679e-01 5.1550292536e-01 5.1550100109e-01 5.1549779400e-01 102 2 12
2.2908676528e+02 -0.003045% 3.3210366823e+01 6.6418711195e+01 -2.0224498047e-03 1.6276640155e+03 -0.000596% 3.2209531287e+01 6.4418678733e+01 -3.8384211605e-04 4.5118262327e+03 -0.000727% 3.0992097460e+01 6.1983744195e+01 -4.5072556464e-04 8.2828651566e-01 7.6533525534e-01 7.6533138758e-01 6.5344177339e-01 6.5344101848e-01 6.5343875406e-01 5.1550435925e-01 5.1550377427e-01 5.1550201933e-01 5.1549909446e-01 119 2 12
2.5118864315e+02 -0.002777% 3.3210953763e+01 6.6420062956e+01 -1.8445702308e-03 1.7847287413e+03 -0.000543% 3.2209550790e+01 6.4418751519e+01 -3.5006125220e-04 4.9471639315e+03 -0.000663% 3.0992443107e+01 6.1984475144e+01 -4.1107058807e-04 8.2828445557e-01 7.6533433453e-01 7.6533080709e-01 6.5344116881e-01 6.5344048034e-01 6.5343841520e-01 5.1550508198e-01 5.1550454847e-01 5.1550294797e-01 5.1550028049e-01 108 2 12
2.7542287033e+02 -0.002533% 3.3211489101e+01 6.6421295873e+01 -1.6823296750e-03 1.9569467915e+03 -0.000496% 3.2209568564e+01 6.4418817874e+01 -3.1925390119e-04 5.4245022313e+03 -0.000605% 3.0992758347e+01 6.1985141790e+01 -3.7490414856e-04 8.2828257674e-01 7.6533349479e-01 7.6533027772e-01 6.5344061741e-01 6.5343998954e-01 6.5343810614e-01 5.1550574111e-01 5.1550525455e-01 5.1550379489e-01 5.1550136214e-01 129 2 12
3.0199517204e+02 -0.002310% 3.3211977371e+01 6.6422420388e+01 -1.5343541662e-03 2.1457801315e+03 -0.000452% 3.2209584763e+01 6.4418878367e+01 -2.9115823077e-04 5.9478932737e+03 -0.000552% 3.0993045854e+01 6.1985749789e+01 -3.4191940549e-04 8.2828086323e-01 7.6533272896e-01 7.6532979496e-01 6.5344011453e-01 6.5343954192e-01 6.5343782426e-01 5.1550634224e-01 5.1550589850e-01 5.1550456728e-01 5.1550234860e-01 106 2 12
3.3113112148e+02 -0.002107% 3.3212422707e+01 6.6423446024e+01 -1.3993902774e-03 2.3528317740e+03 -0.000412% 3.2209599527e+01 6.4418933518e+01 -2.6553547978e-04 6.5217801440e+03 -0.000503% 3.0993308068e+01 6.1986304299e+01 -3.1183649809e-04 8.2827930049e-01 7.6533203055e-01 7.6532935471e-01 6.5343965590e-01 6.5343913368e-01 6.5343756717e-01 5.1550689047e-01 5.1550648578e-01 5.1550527170e-01 5.1550324826e-01 105 2 12
3.6307805477e+02 -0.001921% 3.3212828883e+01 6.6424381472e+01 -1.2762945770e-03 2.5798593879e+03 -0.000376% 3.2209612985e+01 6.4418983801e+01 -2.4216792290e-04 7.1510345881e+03 -0.000459% 3.0993547212e+01 6.1986810025e+01 -2.8440017436e-04 8.2827787525e-01 7.6533139360e-01 7.6532895321e-01 6.5343923762e-01 6.5343876136e-01 6.5343733270e-01 5.1550739046e-01 5.1550702138e-01 5.1550591414e-01 5.1550406875e-01 102 2 12
3.9810717055e+02 -0.001752% 3.3213199340e+01 6.6425234657e+01 -1.1640239973e-03 2.8287902187e+03 -0.000343% 3.2209625252e+01 6.4419029647e+01 -2.2085701479e-04 7.8409983693e+03 -0.000418% 3.0993765318e+01 6.1987271258e+01 -2.5937762861e-04 8.2827657541e-01 7.6533081273e-01 7.6532858706e-01 6.5343885614e-01 6.5343842179e-01 6.5343711885e-01 5.1550784646e-01 5.1550750985e-01 5.1550650004e-01 5.1550481704e-01 101 2 12
4.3651583224e+02 -0.001598% 3.3213537218e+01 6.6426012809e+01 -1.0616270494e-03 3.1017374489e+03 -0.000313% 3.2209636435e+01 6.4419071448e+01 -2.0142169904e-04 8.5975286146e+03 -0.000382% 3.0993964235e+01 6.1987691913e+01 -2.3655652872e-04 8.2827538994e-01 7.6533028297e-01 7.6532825314e-01 6.5343850822e-01 6.5343811210e-01 6.5343692382e-01 5.1550826233e-01 5.1550795534e-01 5.1550703439e-01 5.1550549949e-01 101 2 12
4.7863009232e+02 -0.001458% 3.3213845380e+01 6.6426722525e+01 -9.6823579467e-04 3.4010181374e+03 -0.000285% 3.2209646629e+01 6.4419109561e+01 -1.8369686574e-04 9.4270475363e+03 -0.000348% 3.0994145651e+01 6.1988075559e+01 -2.1574321604e-04 8.2827430878e-01 7.6532979984e-01 7.6532794861e-01 6.5343819091e-01 6.5343782965e-01 6.5343674594e-01 5.1550864160e-01 5.1550836163e-01 5.1550752172e-01 5.1550612188e-01 101 2 12
5.2480746025e+02 -0.001329% 3.3214126439e+01 6.6427369820e+01 -8.8305852396e-04 3.7291728884e+03 -0.000260% 3.2209655923e+01 6.4419144313e+01 -1.6753194656e-04 1.0336596950e+04 -0.000317% 3.0994311106e+01 6.1988425452e+01 -1.9676106455e-04 8.2827332275e-01 7.6532935923e-01 7.6532767089e-01 6.5343790153e-01 6.5343757206e-01 6.5343658370e-01 5.1550898751e-01 5.1550873217e-01 5.1550796617e-01 5.1550668950e-01 114 2 12
5.7543993734e+02 -0.001212% 3.3214382778e+01 6.6427960182e+01 -8.0537307347e-04 4.0889874194e+03 -0.000237% 3.2209664396e+01 6.4419176002e+01 -1.5278963173e-04 1.1333898052e+04 -0.000289% 3.0994462005e+01 6.1988744561e+01 -1.7944898305e-04 8.2827242348e-01 7.6532895740e-01 7.6532741761e-01 6.5343763760e-01 6.5343733712e-01 6.5343643574e-01 5.1550930297e-01 5.1550907011e-01 5.1550837151e-01 5.1550720718e-01 105 2 12
6.3095734448e+02 -0.001106% 3.3214604417e+01 6.6428474003e+01 -7.3483037526e-04 4.4835129885e+03 -0.000216% 3.2209685610e+01 6.4419231862e+01 -1.3935765466e-04 1.2427420453e+04 -0.000265% 3.0994576783e+01 6.1988989499e+01 -1.6406669599e-04 8.2827163678e-01 7.6532860088e-01 7.6532719598e-01 6.5343744500e-01 6.5343717092e-01 6.5343634873e-01 5.1550954929e-01 5.1550933647e-01 5.1550869801e-01 5.1550763391e-01 65 1 6
6.9183097092e+02 -0.001009% 3.3214815581e+01 6.6428960977e+01 -6.7018486127e-04 4.9161042423e+03 -0.000197% 3.2209695351e+01 6.4419263611e+01 -1.2709154999e-04 1.3626440679e+04 -0.000241% 3.0994699676e+01 6.1989249711e+01 -1.4964218572e-04 8.2827089065e-01 7.6532826480e-01 7.6532698352e-01 6.5343723189e-01 6.5343698193e-01 6.5343623210e-01 5.1550980750e-01 5.1550961340e-01 5.1550903108e-01 5.1550806056e-01 74 1 6
7.5857757503e+02 -0.000920% 3.3215010549e+01 6.6429409874e+01 -6.1122471312e-04 5.3904319309e+03 -0.000180% 3.2209701225e+01 6.4419286542e+01 -1.1590792697e-04 1.4941139672e+04 -0.000220% 3.0994815434e+01 6.1989494391e+01 -1.3647604445e-04 8.2827020635e-01 7.6532795889e-01 7.6532679034e-01 6.5343702913e-01 6.5343680117e-01 6.5343611732e-01 5.1551004924e-01 5.1550987222e-01 5.1550934114e-01 5.1550845602e-01 63 1 6
8.3176377110e+02 -0.000839% 3.3215188954e+01 6.6429820457e+01 -5.5745099678e-04 5.9105221110e+03 -0.000164% 3.2209705892e+01 6.4419306075e+01 -1.0570855612e-04 1.6382678373e+04 -0.000201% 3.0994921762e+01 6.1989719056e+01 -1.2446803282e-04 8.2826958149e-01 7.6532768019e-01 7.6532661446e-01 6.5343684243e-01 6.5343663453e-01 6.5343601085e-01 5.1551027096e-01 5.1551010951e-01 5.1550962517e-01 5.1550881793e-01 64 1 6
9.1201083936e+02 -0.000765% 3.3215351794e+01 6.6430195180e+01 -5.0840755155e-04 6.4807897047e+03 -0.000150% 3.2209709999e+01 6.4419323592e+01 -9.6406734257e-05 1.7963294115e+04 -0.000183% 3.0995018891e+01 6.1989924266e+01 -1.1351652729e-04 8.2826901146e-01 7.6532742610e-01 7.6532645414e-01 6.5343667179e-01 6.5343648219e-01 6.5343591339e-01 5.1551047343e-01 5.1551032619e-01 5.1550988446e-01 5.1550914825e-01 63 1 6
1.0000000000e+03 -0.000698% 3.3215500337e+01 6.6430536996e+01 -4.6367835900e-04 7.1060756997e+03 -0.000136% 3.2209713713e+01 6.4419339503e+01 -8.7923473048e-05 1.9696404811e+04 -0.000167% 3.0995107508e+01 6.1990111487e+01 -1.0352858047e-04 8.2826849154e-01 7.6532719439e-01 7.6532630795e-01 6.5343651609e-01 6.5343634317e-01 6.5343582442e-01 5.1551065813e-01 5.1551052385e-01 5.1551012099e-01 5.1550944956e-01 62 1 6
